   14.1451  -52.9610
   14.3408  -52.9610

   14.1451  -52.9510
   14.3408  -52.9510

   14.1451  -52.9460
   14.3408  -52.9460

   14.1451  -52.9360
   14.3408  -52.9360

   14.1451  -29.3730
   14.3408  -29.3730

   14.1451  -29.3460
   14.3408  -29.3460

   14.1451  -29.3390
   14.3408  -29.3390

   14.1451  -29.3210
   14.3408  -29.3210

   14.1451  -29.3010
   14.3408  -29.3010

   14.1451  -29.2910
   14.3408  -29.2910

   14.1451  -29.2720
   14.3408  -29.2720

   14.1451  -29.2470
   14.3408  -29.2470

   14.1451  -29.2030
   14.3408  -29.2030

   14.1451  -29.1790
   14.3408  -29.1790

   14.1451  -29.1720
   14.3408  -29.1720

   14.1451  -29.1570
   14.3408  -29.1570

   14.1451  -29.1470
   14.3408  -29.1470

   14.1451  -29.1410
   14.3408  -29.1410

   14.1451  -29.1280
   14.3408  -29.1280

   14.1451  -29.1080
   14.3408  -29.1080

   14.1451  -29.1000
   14.3408  -29.1000

   14.1451  -29.0920
   14.3408  -29.0920

   14.1451  -29.0840
   14.3408  -29.0840

   14.1451  -29.0620
   14.3408  -29.0620

   14.1451  -28.9720
   14.3408  -28.9720

   14.1451  -28.9630
   14.3408  -28.9630

   14.1451  -28.9570
   14.3408  -28.9570

   14.1451  -28.9380
   14.3408  -28.9380

   14.1451   -9.7170
   14.3408   -9.7170

   14.1451   -8.8020
   14.3408   -8.8020

   14.1451   -8.4930
   14.3408   -8.4930

   14.1451   -8.3090
   14.3408   -8.3090

   14.1451   -8.2900
   14.3408   -8.2900

   14.1451   -7.6250
   14.3408   -7.6250

   14.1451   -7.4540
   14.3408   -7.4540

   14.1451   -7.4160
   14.3408   -7.4160

   14.1451   -3.6640
   14.3408   -3.6640

   14.1451   -3.1960
   14.3408   -3.1960

   14.1451   -3.0540
   14.3408   -3.0540

   14.1451   -2.7940
   14.3408   -2.7940

   14.1451   -2.7400
   14.3408   -2.7400

   14.1451   -2.6740
   14.3408   -2.6740

   14.1451   -2.4340
   14.3408   -2.4340

   14.1451   -2.0800
   14.3408   -2.0800

   14.1451   -1.7640
   14.3408   -1.7640

   14.1451   -1.5050
   14.3408   -1.5050

   14.1451   -1.3570
   14.3408   -1.3570

   14.1451   -1.1510
   14.3408   -1.1510

   14.1451   -1.0870
   14.3408   -1.0870

   14.1451   -0.8890
   14.3408   -0.8890

   14.1451   -0.7110
   14.3408   -0.7110

   14.1451   -0.6890
   14.3408   -0.6890

   14.1451   -0.4710
   14.3408   -0.4710

   14.1451   -0.3650
   14.3408   -0.3650

   14.1451   -0.1510
   14.3408   -0.1510

   14.1451   -0.1320
   14.3408   -0.1320

   14.1451    0.4020
   14.3408    0.4020

   14.1451    0.5280
   14.3408    0.5280

   14.1451    0.8020
   14.3408    0.8020

   14.1451    0.8400
   14.3408    0.8400

   14.1451    0.8570
   14.3408    0.8570

   14.1451    0.9910
   14.3408    0.9910

   14.1451    1.1690
   14.3408    1.1690

   14.1451    1.2450
   14.3408    1.2450

   14.1451    1.5240
   14.3408    1.5240

   14.1451    1.6750
   14.3408    1.6750

   14.1451    1.8220
   14.3408    1.8220

   14.1451    1.8810
   14.3408    1.8810

   14.1451    1.9220
   14.3408    1.9220

   14.1451    2.1390
   14.3408    2.1390

   14.1451    2.3790
   14.3408    2.3790

   14.1451    2.5600
   14.3408    2.5600

   14.1451    2.7000
   14.3408    2.7000

   14.1451    2.7280
   14.3408    2.7280

   14.1451    2.9530
   14.3408    2.9530

   14.1451    3.1910
   14.3408    3.1910

   14.1451    3.2250
   14.3408    3.2250

   14.1451    3.2480
   14.3408    3.2480

   14.1451    3.3540
   14.3408    3.3540

   14.1451    3.4230
   14.3408    3.4230

   14.1451    3.9600
   14.3408    3.9600

   14.1451    4.2920
   14.3408    4.2920

