    8.7412  -52.9520
    8.9368  -52.9520

    8.7412  -52.9490
    8.9368  -52.9490

    8.7412  -52.9490
    8.9368  -52.9490

    8.7412  -52.9450
    8.9368  -52.9450

    8.7412  -29.3020
    8.9368  -29.3020

    8.7412  -29.3010
    8.9368  -29.3010

    8.7412  -29.2990
    8.9368  -29.2990

    8.7412  -29.2960
    8.9368  -29.2960

    8.7412  -29.2800
    8.9368  -29.2800

    8.7412  -29.2730
    8.9368  -29.2730

    8.7412  -29.2500
    8.9368  -29.2500

    8.7412  -29.2430
    8.9368  -29.2430

    8.7412  -29.2320
    8.9368  -29.2320

    8.7412  -29.2250
    8.9368  -29.2250

    8.7412  -29.2080
    8.9368  -29.2080

    8.7412  -29.2010
    8.9368  -29.2010

    8.7412  -29.1110
    8.9368  -29.1110

    8.7412  -29.1090
    8.9368  -29.1090

    8.7412  -29.1050
    8.9368  -29.1050

    8.7412  -29.1030
    8.9368  -29.1030

    8.7412  -29.1020
    8.9368  -29.1020

    8.7412  -29.0970
    8.9368  -29.0970

    8.7412  -29.0540
    8.9368  -29.0540

    8.7412  -29.0500
    8.9368  -29.0500

    8.7412  -29.0410
    8.9368  -29.0410

    8.7412  -29.0360
    8.9368  -29.0360

    8.7412  -28.9970
    8.9368  -28.9970

    8.7412  -28.9910
    8.9368  -28.9910

    8.7412   -9.0980
    8.9368   -9.0980

    8.7412   -8.8500
    8.9368   -8.8500

    8.7412   -8.8440
    8.9368   -8.8440

    8.7412   -8.6570
    8.9368   -8.6570

    8.7412   -7.8760
    8.9368   -7.8760

    8.7412   -7.7170
    8.9368   -7.7170

    8.7412   -7.7010
    8.9368   -7.7010

    8.7412   -7.5960
    8.9368   -7.5960

    8.7412   -2.7020
    8.9368   -2.7020

    8.7412   -2.6070
    8.9368   -2.6070

    8.7412   -2.4360
    8.9368   -2.4360

    8.7412   -2.4040
    8.9368   -2.4040

    8.7412   -2.4010
    8.9368   -2.4010

    8.7412   -2.2260
    8.9368   -2.2260

    8.7412   -2.1210
    8.9368   -2.1210

    8.7412   -1.9650
    8.9368   -1.9650

    8.7412   -1.9350
    8.9368   -1.9350

    8.7412   -1.7820
    8.9368   -1.7820

    8.7412   -1.7000
    8.9368   -1.7000

    8.7412   -1.6950
    8.9368   -1.6950

    8.7412   -1.2190
    8.9368   -1.2190

    8.7412   -1.1720
    8.9368   -1.1720

    8.7412   -1.1170
    8.9368   -1.1170

    8.7412   -1.0240
    8.9368   -1.0240

    8.7412   -0.9000
    8.9368   -0.9000

    8.7412   -0.7620
    8.9368   -0.7620

    8.7412   -0.6660
    8.9368   -0.6660

    8.7412   -0.5880
    8.9368   -0.5880

    8.7412    0.1760
    8.9368    0.1760

    8.7412    0.2970
    8.9368    0.2970

    8.7412    0.4120
    8.9368    0.4120

    8.7412    0.4480
    8.9368    0.4480

    8.7412    1.0820
    8.9368    1.0820

    8.7412    1.0930
    8.9368    1.0930

    8.7412    1.2250
    8.9368    1.2250

    8.7412    1.3170
    8.9368    1.3170

    8.7412    1.5060
    8.9368    1.5060

    8.7412    1.6140
    8.9368    1.6140

    8.7412    1.6280
    8.9368    1.6280

    8.7412    1.6770
    8.9368    1.6770

    8.7412    1.8050
    8.9368    1.8050

    8.7412    1.8120
    8.9368    1.8120

    8.7412    1.9400
    8.9368    1.9400

    8.7412    2.0140
    8.9368    2.0140

    8.7412    3.1420
    8.9368    3.1420

    8.7412    3.1700
    8.9368    3.1700

    8.7412    3.2150
    8.9368    3.2150

    8.7412    3.2560
    8.9368    3.2560

    8.7412    3.3620
    8.9368    3.3620

    8.7412    3.4760
    8.9368    3.4760

    8.7412    3.4820
    8.9368    3.4820

    8.7412    3.6910
    8.9368    3.6910

    8.7412    3.9470
    8.9368    3.9460

    8.7412    4.1550
    8.9368    4.1550

