 &plot nbnd=  86, nks=    50 /
            0.000000  0.000000  0.000000
  -53.138  -53.122  -53.122  -53.106  -52.965  -52.949  -52.948  -52.933  -29.393  -29.380
  -29.349  -29.336  -29.332  -29.298  -29.275  -29.246  -29.222  -29.184  -29.150  -29.134
  -29.128  -29.125  -29.118  -29.116  -29.099  -29.097  -29.092  -29.091  -28.963  -28.940
  -28.921  -28.896  -10.003   -8.542   -8.456   -8.427   -8.214   -7.438   -7.421   -7.399
   -4.049   -3.701   -3.235   -2.966   -2.878   -2.756   -2.345   -2.019   -1.711   -1.564
   -1.278   -1.100   -1.026   -0.919   -0.389   -0.356   -0.337   -0.255   -0.238   -0.036
    0.030    0.222    0.830    1.078    1.096    1.163    1.180    1.513    1.673    1.677
    1.942    2.024    2.026    2.102    2.450    2.769    2.859    2.921    2.924    2.941
    3.351    3.368    3.534    3.764    3.778    4.238
            0.000000  0.000000 -0.195657
  -53.138  -53.122  -53.122  -53.106  -52.965  -52.949  -52.948  -52.933  -29.393  -29.380
  -29.349  -29.336  -29.332  -29.298  -29.275  -29.246  -29.222  -29.184  -29.150  -29.134
  -29.128  -29.125  -29.118  -29.116  -29.099  -29.097  -29.092  -29.091  -28.963  -28.940
  -28.921  -28.896  -10.003   -8.542   -8.456   -8.427   -8.214   -7.438   -7.421   -7.399
   -4.049   -3.701   -3.235   -2.966   -2.878   -2.756   -2.345   -2.019   -1.711   -1.564
   -1.278   -1.100   -1.026   -0.919   -0.389   -0.356   -0.337   -0.255   -0.238   -0.036
    0.030    0.222    0.830    1.078    1.096    1.163    1.180    1.513    1.673    1.677
    1.942    2.024    2.026    2.102    2.450    2.769    2.859    2.921    2.924    2.941
    3.351    3.368    3.534    3.764    3.778    4.238
            0.000000  0.142857  0.041927
  -53.138  -53.123  -53.121  -53.107  -52.964  -52.949  -52.949  -52.934  -29.381  -29.378
  -29.338  -29.338  -29.331  -29.300  -29.273  -29.248  -29.210  -29.172  -29.162  -29.136
  -29.132  -29.126  -29.117  -29.115  -29.101  -29.099  -29.093  -29.092  -28.976  -28.952
  -28.920  -28.897   -9.940   -8.551   -8.497   -8.412   -8.220   -7.485   -7.434   -7.419
   -3.892   -3.644   -3.175   -2.946   -2.867   -2.693   -2.497   -1.959   -1.566   -1.536
   -1.338   -1.248   -1.107   -0.854   -0.654   -0.627   -0.358   -0.222    0.058    0.080
    0.192    0.211    0.898    0.918    1.092    1.160    1.216    1.317    1.576    1.583
    1.769    2.042    2.077    2.457    2.511    2.662    2.703    2.795    2.898    3.094
    3.249    3.463    3.483    3.675    3.734    4.173
            0.000000  0.142857 -0.153731
  -53.138  -53.123  -53.121  -53.107  -52.964  -52.949  -52.949  -52.934  -29.381  -29.378
  -29.338  -29.338  -29.331  -29.300  -29.273  -29.248  -29.210  -29.172  -29.162  -29.136
  -29.132  -29.126  -29.117  -29.115  -29.101  -29.099  -29.093  -29.092  -28.976  -28.952
  -28.920  -28.897   -9.940   -8.551   -8.497   -8.412   -8.220   -7.485   -7.434   -7.419
   -3.892   -3.644   -3.175   -2.946   -2.867   -2.693   -2.497   -1.959   -1.566   -1.536
   -1.338   -1.248   -1.107   -0.854   -0.654   -0.627   -0.358   -0.222    0.058    0.080
    0.192    0.211    0.898    0.918    1.092    1.160    1.216    1.317    1.576    1.583
    1.769    2.042    2.077    2.457    2.511    2.662    2.703    2.795    2.898    3.094
    3.249    3.463    3.483    3.675    3.734    4.173
            0.000000  0.285714  0.083853
  -53.135  -53.125  -53.119  -53.109  -52.962  -52.951  -52.946  -52.936  -29.372  -29.349
  -29.344  -29.326  -29.307  -29.303  -29.269  -29.251  -29.196  -29.174  -29.167  -29.139
  -29.127  -29.122  -29.113  -29.112  -29.105  -29.104  -29.096  -29.096  -29.013  -28.987
  -28.916  -28.901   -9.758   -8.804   -8.373   -8.369   -8.240   -7.691   -7.423   -7.412
   -3.521   -3.489   -3.020   -2.886   -2.858   -2.763   -2.489   -1.835   -1.617   -1.463
   -1.445   -1.344   -1.308   -0.890   -0.828   -0.665   -0.476   -0.467    0.145    0.216
    0.408    0.498    0.534    0.933    1.083    1.121    1.210    1.373    1.512    1.521
    1.938    2.002    2.035    2.250    2.265    2.561    2.587    2.601    2.700    3.291
    3.397    3.497    3.579    3.652    3.748    3.852
            0.000000  0.285714 -0.111804
  -53.135  -53.125  -53.119  -53.109  -52.962  -52.951  -52.946  -52.936  -29.372  -29.349
  -29.344  -29.326  -29.307  -29.303  -29.269  -29.251  -29.196  -29.174  -29.167  -29.139
  -29.127  -29.122  -29.113  -29.112  -29.105  -29.104  -29.096  -29.096  -29.013  -28.987
  -28.916  -28.901   -9.758   -8.804   -8.373   -8.369   -8.240   -7.691   -7.423   -7.412
   -3.521   -3.489   -3.020   -2.886   -2.858   -2.763   -2.489   -1.835   -1.617   -1.463
   -1.445   -1.344   -1.308   -0.890   -0.828   -0.665   -0.476   -0.467    0.145    0.216
    0.408    0.498    0.534    0.933    1.083    1.121    1.210    1.373    1.512    1.521
    1.938    2.002    2.035    2.250    2.265    2.561    2.587    2.601    2.700    3.291
    3.397    3.497    3.579    3.652    3.748    3.852
            0.000000  0.428571  0.125780
  -53.132  -53.129  -53.116  -53.112  -52.958  -52.954  -52.943  -52.939  -29.363  -29.353
  -29.320  -29.316  -29.295  -29.266  -29.264  -29.254  -29.244  -29.212  -29.123  -29.120
  -29.117  -29.112  -29.110  -29.108  -29.107  -29.102  -29.101  -29.091  -29.066  -29.036
  -28.911  -28.906   -9.479   -9.141   -8.322   -8.274   -8.174   -7.937   -7.412   -7.409
   -3.271   -3.150   -3.025   -2.927   -2.852   -2.817   -2.127   -1.874   -1.869   -1.692
   -1.337   -1.287   -1.186   -1.094   -1.064   -0.901   -0.377   -0.312   -0.061    0.049
    0.402    0.618    0.745    0.857    1.009    1.097    1.356    1.551    1.576    1.690
    1.834    2.003    2.048    2.060    2.163    2.243    2.275    2.449    2.762    3.053
    3.413    3.496    3.539    3.581    3.745    3.958
            0.000000  0.428571 -0.069878
  -53.132  -53.129  -53.116  -53.112  -52.958  -52.954  -52.943  -52.939  -29.363  -29.353
  -29.320  -29.316  -29.295  -29.266  -29.264  -29.254  -29.244  -29.212  -29.123  -29.120
  -29.117  -29.112  -29.110  -29.108  -29.107  -29.102  -29.101  -29.091  -29.066  -29.036
  -28.911  -28.906   -9.479   -9.141   -8.322   -8.274   -8.174   -7.937   -7.412   -7.409
   -3.271   -3.150   -3.025   -2.927   -2.852   -2.817   -2.127   -1.874   -1.869   -1.692
   -1.337   -1.287   -1.186   -1.094   -1.064   -0.901   -0.377   -0.312   -0.061    0.049
    0.402    0.618    0.745    0.857    1.009    1.097    1.356    1.551    1.576    1.690
    1.834    2.003    2.048    2.060    2.163    2.243    2.275    2.449    2.762    3.053
    3.413    3.497    3.539    3.581    3.745    3.958
            0.142857  0.142857  0.083853
  -53.137  -53.122  -53.122  -53.108  -52.963  -52.949  -52.948  -52.934  -29.379  -29.367
  -29.340  -29.328  -29.328  -29.297  -29.273  -29.248  -29.208  -29.174  -29.161  -29.137
  -29.136  -29.133  -29.115  -29.112  -29.109  -29.104  -29.087  -29.085  -28.975  -28.954
  -28.931  -28.908   -9.883   -8.536   -8.525   -8.448   -8.239   -7.476   -7.470   -7.427
   -3.831   -3.528   -3.061   -2.971   -2.831   -2.623   -2.589   -1.813   -1.733   -1.557
   -1.290   -1.205   -1.194   -0.756   -0.713   -0.636   -0.384   -0.258   -0.079   -0.061
    0.221    0.441    0.943    1.009    1.016    1.081    1.139    1.207    1.543    1.579
    1.804    1.912    2.016    2.501    2.529    2.605    2.747    2.781    2.823    3.159
    3.220    3.344    3.410    3.519    3.995    4.135
            0.142857  0.142857 -0.111804
  -53.137  -53.122  -53.122  -53.108  -52.963  -52.949  -52.948  -52.934  -29.379  -29.367
  -29.340  -29.328  -29.328  -29.297  -29.273  -29.248  -29.208  -29.174  -29.161  -29.137
  -29.136  -29.134  -29.116  -29.112  -29.109  -29.104  -29.087  -29.085  -28.975  -28.954
  -28.931  -28.908   -9.883   -8.536   -8.525   -8.448   -8.239   -7.476   -7.470   -7.427
   -3.831   -3.528   -3.061   -2.971   -2.831   -2.623   -2.589   -1.813   -1.733   -1.557
   -1.290   -1.205   -1.194   -0.756   -0.713   -0.636   -0.384   -0.258   -0.079   -0.061
    0.221    0.441    0.943    1.009    1.016    1.081    1.139    1.207    1.543    1.579
    1.804    1.912    2.016    2.501    2.529    2.605    2.747    2.781    2.823    3.159
    3.220    3.344    3.410    3.519    3.995    4.135
            0.142857  0.285714  0.125780
  -53.135  -53.124  -53.120  -53.110  -52.961  -52.950  -52.947  -52.937  -29.361  -29.347
  -29.334  -29.324  -29.309  -29.301  -29.269  -29.251  -29.195  -29.173  -29.169  -29.141
  -29.133  -29.129  -29.116  -29.111  -29.108  -29.105  -29.091  -29.089  -29.012  -28.988
  -28.928  -28.912   -9.705   -8.779   -8.471   -8.325   -8.273   -7.673   -7.457   -7.427
   -3.465   -3.375   -2.908   -2.883   -2.806   -2.755   -2.428   -1.738   -1.577   -1.575
   -1.496   -1.348   -1.285   -0.942   -0.821   -0.718   -0.531   -0.507   -0.038    0.033
    0.462    0.572    0.677    0.741    0.990    1.155    1.201    1.288    1.518    1.565
    1.827    1.889    1.951    2.141    2.233    2.553    2.732    2.788    2.833    3.246
    3.330    3.335    3.466    3.785    3.864    4.016
            0.142857  0.285714 -0.069878
  -53.135  -53.124  -53.120  -53.110  -52.961  -52.950  -52.947  -52.937  -29.361  -29.347
  -29.334  -29.324  -29.309  -29.301  -29.269  -29.251  -29.195  -29.173  -29.169  -29.141
  -29.133  -29.129  -29.116  -29.111  -29.108  -29.105  -29.091  -29.089  -29.012  -28.988
  -28.928  -28.912   -9.705   -8.779   -8.471   -8.325   -8.273   -7.673   -7.457   -7.427
   -3.465   -3.375   -2.908   -2.883   -2.806   -2.755   -2.428   -1.738   -1.577   -1.575
   -1.496   -1.348   -1.285   -0.942   -0.821   -0.718   -0.531   -0.507   -0.038    0.033
    0.462    0.572    0.677    0.741    0.990    1.155    1.201    1.288    1.518    1.565
    1.827    1.889    1.951    2.141    2.233    2.553    2.732    2.788    2.833    3.246
    3.330    3.335    3.466    3.785    3.864    4.025
            0.142857  0.428571  0.167706
  -53.131  -53.128  -53.116  -53.113  -52.957  -52.954  -52.944  -52.940  -29.353  -29.343
  -29.318  -29.314  -29.293  -29.267  -29.264  -29.254  -29.243  -29.214  -29.127  -29.122
  -29.122  -29.121  -29.115  -29.105  -29.100  -29.098  -29.094  -29.092  -29.064  -29.038
  -28.923  -28.917   -9.433   -9.104   -8.400   -8.329   -8.136   -7.909   -7.442   -7.432
   -3.171   -3.087   -2.958   -2.861   -2.768   -2.756   -2.096   -1.829   -1.804   -1.703
   -1.360   -1.350   -1.164   -1.130   -1.065   -0.899   -0.614   -0.546   -0.057    0.099
    0.240    0.374    0.721    0.922    0.998    1.152    1.393    1.560    1.608    1.626
    1.709    1.795    1.839    1.840    2.091    2.293    2.662    2.735    2.885    3.078
    3.345    3.352    3.642    3.769    3.771    3.836
            0.142857  0.428571 -0.027951
  -53.131  -53.128  -53.116  -53.113  -52.957  -52.954  -52.944  -52.940  -29.353  -29.343
  -29.318  -29.314  -29.293  -29.267  -29.264  -29.254  -29.243  -29.214  -29.127  -29.122
  -29.122  -29.121  -29.115  -29.105  -29.100  -29.098  -29.094  -29.092  -29.064  -29.038
  -28.923  -28.917   -9.433   -9.104   -8.400   -8.329   -8.136   -7.909   -7.442   -7.432
   -3.171   -3.087   -2.958   -2.861   -2.768   -2.756   -2.096   -1.829   -1.804   -1.703
   -1.360   -1.350   -1.164   -1.130   -1.065   -0.899   -0.614   -0.546   -0.057    0.099
    0.240    0.374    0.721    0.922    0.998    1.152    1.393    1.560    1.608    1.626
    1.709    1.795    1.839    1.840    2.091    2.293    2.662    2.735    2.885    3.078
    3.345    3.352    3.642    3.769    3.771    3.836
            0.142857 -0.428571 -0.083853
  -53.131  -53.128  -53.116  -53.113  -52.957  -52.954  -52.944  -52.940  -29.353  -29.343
  -29.318  -29.314  -29.293  -29.267  -29.264  -29.254  -29.243  -29.214  -29.127  -29.122
  -29.122  -29.121  -29.115  -29.105  -29.100  -29.098  -29.094  -29.092  -29.064  -29.038
  -28.923  -28.917   -9.433   -9.104   -8.400   -8.329   -8.136   -7.909   -7.442   -7.432
   -3.171   -3.087   -2.958   -2.861   -2.768   -2.756   -2.096   -1.829   -1.804   -1.703
   -1.360   -1.350   -1.164   -1.130   -1.065   -0.899   -0.614   -0.546   -0.057    0.099
    0.240    0.374    0.721    0.922    0.998    1.152    1.393    1.560    1.608    1.626
    1.709    1.795    1.839    1.840    2.091    2.293    2.662    2.735    2.885    3.077
    3.345    3.352    3.642    3.769    3.771    3.836
            0.142857 -0.428571 -0.279510
  -53.131  -53.128  -53.116  -53.113  -52.958  -52.954  -52.944  -52.940  -29.353  -29.343
  -29.318  -29.314  -29.293  -29.267  -29.264  -29.254  -29.243  -29.214  -29.127  -29.123
  -29.122  -29.121  -29.115  -29.105  -29.100  -29.098  -29.094  -29.092  -29.064  -29.038
  -28.923  -28.917   -9.433   -9.104   -8.400   -8.329   -8.136   -7.909   -7.442   -7.432
   -3.171   -3.087   -2.958   -2.861   -2.768   -2.756   -2.096   -1.829   -1.804   -1.703
   -1.360   -1.350   -1.164   -1.130   -1.065   -0.899   -0.614   -0.546   -0.057    0.099
    0.240    0.374    0.721    0.922    0.998    1.152    1.393    1.560    1.608    1.626
    1.709    1.795    1.839    1.840    2.091    2.293    2.662    2.735    2.885    3.077
    3.345    3.352    3.642    3.769    3.771    3.836
            0.142857 -0.285714 -0.041927
  -53.135  -53.124  -53.120  -53.110  -52.961  -52.950  -52.947  -52.937  -29.361  -29.347
  -29.334  -29.324  -29.309  -29.301  -29.269  -29.251  -29.195  -29.173  -29.169  -29.141
  -29.133  -29.129  -29.116  -29.111  -29.108  -29.105  -29.091  -29.089  -29.012  -28.988
  -28.928  -28.912   -9.705   -8.779   -8.471   -8.325   -8.273   -7.673   -7.457   -7.427
   -3.465   -3.375   -2.908   -2.883   -2.806   -2.755   -2.428   -1.738   -1.577   -1.575
   -1.496   -1.348   -1.285   -0.942   -0.821   -0.718   -0.531   -0.507   -0.038    0.033
    0.462    0.572    0.677    0.741    0.990    1.155    1.201    1.288    1.518    1.565
    1.827    1.889    1.951    2.141    2.233    2.553    2.732    2.788    2.833    3.246
    3.330    3.335    3.466    3.785    3.864    4.016
            0.142857 -0.285714 -0.237584
  -53.135  -53.124  -53.120  -53.110  -52.961  -52.950  -52.947  -52.937  -29.361  -29.347
  -29.334  -29.324  -29.309  -29.301  -29.269  -29.251  -29.195  -29.173  -29.169  -29.141
  -29.133  -29.129  -29.116  -29.111  -29.108  -29.105  -29.091  -29.089  -29.012  -28.988
  -28.928  -28.912   -9.705   -8.779   -8.471   -8.325   -8.273   -7.673   -7.457   -7.427
   -3.465   -3.375   -2.908   -2.883   -2.806   -2.755   -2.428   -1.738   -1.577   -1.575
   -1.496   -1.348   -1.285   -0.942   -0.821   -0.718   -0.531   -0.507   -0.038    0.033
    0.462    0.572    0.677    0.741    0.990    1.155    1.201    1.288    1.518    1.565
    1.827    1.889    1.951    2.141    2.233    2.553    2.732    2.788    2.833    3.246
    3.330    3.335    3.466    3.785    3.864    4.016
            0.142857 -0.142857 -0.000000
  -53.137  -53.122  -53.122  -53.108  -52.963  -52.949  -52.948  -52.934  -29.379  -29.367
  -29.340  -29.328  -29.328  -29.297  -29.273  -29.248  -29.208  -29.174  -29.161  -29.137
  -29.136  -29.133  -29.116  -29.112  -29.109  -29.104  -29.087  -29.085  -28.975  -28.954
  -28.931  -28.908   -9.883   -8.536   -8.525   -8.448   -8.239   -7.476   -7.470   -7.427
   -3.831   -3.528   -3.061   -2.971   -2.831   -2.623   -2.589   -1.813   -1.733   -1.557
   -1.290   -1.205   -1.194   -0.756   -0.713   -0.636   -0.384   -0.258   -0.079   -0.061
    0.221    0.441    0.943    1.009    1.016    1.081    1.139    1.207    1.543    1.579
    1.804    1.912    2.016    2.501    2.529    2.605    2.747    2.781    2.823    3.159
    3.220    3.344    3.410    3.519    3.995    4.135
            0.142857 -0.142857 -0.195657
  -53.137  -53.122  -53.122  -53.108  -52.963  -52.949  -52.948  -52.934  -29.379  -29.367
  -29.340  -29.328  -29.328  -29.297  -29.273  -29.248  -29.208  -29.174  -29.161  -29.137
  -29.136  -29.133  -29.116  -29.112  -29.109  -29.104  -29.087  -29.085  -28.975  -28.954
  -28.931  -28.908   -9.883   -8.536   -8.525   -8.448   -8.239   -7.476   -7.470   -7.427
   -3.831   -3.528   -3.061   -2.971   -2.831   -2.623   -2.589   -1.813   -1.733   -1.557
   -1.290   -1.205   -1.194   -0.756   -0.713   -0.636   -0.384   -0.258   -0.079   -0.061
    0.221    0.441    0.943    1.009    1.016    1.081    1.139    1.207    1.543    1.579
    1.804    1.912    2.016    2.501    2.529    2.605    2.747    2.781    2.823    3.159
    3.220    3.344    3.410    3.519    3.995    4.135
            0.285714  0.285714  0.167706
  -53.132  -53.122  -53.122  -53.112  -52.959  -52.949  -52.948  -52.939  -29.341  -29.333
  -29.317  -29.317  -29.305  -29.294  -29.268  -29.251  -29.191  -29.173  -29.168  -29.168
  -29.150  -29.146  -29.124  -29.105  -29.104  -29.088  -29.088  -29.067  -29.008  -28.992
  -28.959  -28.942   -9.552   -8.718   -8.709   -8.362   -8.198   -7.623   -7.592   -7.448
   -3.315   -3.045   -2.892   -2.694   -2.665   -2.643   -2.279   -1.832   -1.637   -1.524
   -1.489   -1.442   -1.184   -1.078   -1.026   -0.860   -0.611   -0.462   -0.293   -0.079
    0.207    0.517    0.579    0.748    0.986    1.037    1.226    1.297    1.339    1.685
    1.782    1.832    1.833    1.869    2.215    2.397    2.980    3.007    3.078    3.156
    3.212    3.251    3.363    3.750    3.824    4.185
            0.285714  0.285714 -0.027951
  -53.132  -53.122  -53.122  -53.112  -52.959  -52.949  -52.948  -52.939  -29.341  -29.333
  -29.317  -29.317  -29.305  -29.294  -29.268  -29.251  -29.191  -29.173  -29.168  -29.168
  -29.150  -29.146  -29.124  -29.105  -29.104  -29.088  -29.088  -29.067  -29.008  -28.992
  -28.959  -28.942   -9.552   -8.718   -8.709   -8.362   -8.198   -7.623   -7.592   -7.448
   -3.315   -3.045   -2.892   -2.694   -2.665   -2.643   -2.279   -1.832   -1.637   -1.524
   -1.489   -1.442   -1.184   -1.078   -1.026   -0.860   -0.611   -0.462   -0.293   -0.079
    0.207    0.517    0.579    0.748    0.986    1.037    1.226    1.297    1.339    1.685
    1.782    1.832    1.833    1.869    2.215    2.397    2.980    3.007    3.078    3.156
    3.212    3.251    3.363    3.750    3.824    4.185
            0.285714  0.428571  0.209633
  -53.129  -53.125  -53.119  -53.115  -52.955  -52.952  -52.946  -52.942  -29.325  -29.316
  -29.311  -29.308  -29.287  -29.271  -29.263  -29.255  -29.238  -29.218  -29.162  -29.156
  -29.117  -29.117  -29.111  -29.099  -29.097  -29.093  -29.081  -29.073  -29.060  -29.042
  -28.954  -28.948   -9.301   -9.001   -8.599   -8.471   -8.031   -7.830   -7.545   -7.494
   -2.915   -2.876   -2.762   -2.671   -2.645   -2.510   -2.052   -1.783   -1.774   -1.690
   -1.445   -1.421   -1.262   -1.114   -1.105   -1.019   -0.968   -0.838   -0.212   -0.109
    0.020    0.223    0.623    0.696    1.207    1.209    1.293    1.355    1.441    1.620
    1.655    1.680    1.724    1.733    2.072    2.203    2.999    3.085    3.123    3.152
    3.306    3.431    3.445    3.625    3.963    4.037
            0.285714  0.428571  0.013976
  -53.129  -53.125  -53.119  -53.115  -52.955  -52.952  -52.946  -52.942  -29.325  -29.316
  -29.311  -29.308  -29.287  -29.271  -29.263  -29.255  -29.238  -29.218  -29.162  -29.156
  -29.117  -29.117  -29.110  -29.099  -29.097  -29.093  -29.081  -29.073  -29.060  -29.042
  -28.954  -28.948   -9.301   -9.001   -8.599   -8.471   -8.031   -7.830   -7.545   -7.494
   -2.915   -2.876   -2.762   -2.671   -2.645   -2.510   -2.052   -1.783   -1.774   -1.690
   -1.445   -1.421   -1.262   -1.114   -1.105   -1.019   -0.968   -0.838   -0.212   -0.109
    0.020    0.223    0.623    0.696    1.207    1.209    1.293    1.355    1.441    1.620
    1.655    1.680    1.724    1.733    2.072    2.203    2.999    3.085    3.123    3.152
    3.306    3.431    3.445    3.625    3.963    4.037
            0.285714 -0.428571 -0.041927
  -53.129  -53.125  -53.119  -53.115  -52.955  -52.952  -52.946  -52.942  -29.325  -29.316
  -29.311  -29.308  -29.287  -29.271  -29.263  -29.255  -29.238  -29.218  -29.162  -29.156
  -29.117  -29.117  -29.111  -29.099  -29.097  -29.093  -29.081  -29.073  -29.060  -29.042
  -28.954  -28.948   -9.301   -9.001   -8.599   -8.471   -8.031   -7.830   -7.545   -7.494
   -2.915   -2.876   -2.762   -2.671   -2.645   -2.510   -2.052   -1.783   -1.774   -1.690
   -1.445   -1.421   -1.262   -1.114   -1.105   -1.019   -0.968   -0.838   -0.212   -0.109
    0.020    0.223    0.623    0.696    1.207    1.209    1.293    1.355    1.441    1.620
    1.655    1.680    1.724    1.733    2.072    2.203    2.999    3.085    3.123    3.152
    3.306    3.431    3.445    3.625    3.963    4.037
            0.285714 -0.428571 -0.237584
  -53.129  -53.125  -53.119  -53.115  -52.955  -52.952  -52.946  -52.942  -29.325  -29.316
  -29.311  -29.308  -29.287  -29.271  -29.263  -29.255  -29.238  -29.218  -29.162  -29.156
  -29.117  -29.117  -29.111  -29.099  -29.097  -29.093  -29.081  -29.073  -29.060  -29.042
  -28.954  -28.948   -9.301   -9.001   -8.599   -8.471   -8.031   -7.830   -7.545   -7.494
   -2.915   -2.876   -2.762   -2.671   -2.645   -2.510   -2.052   -1.783   -1.774   -1.690
   -1.445   -1.421   -1.262   -1.114   -1.105   -1.019   -0.968   -0.838   -0.212   -0.109
    0.020    0.223    0.623    0.696    1.207    1.209    1.293    1.355    1.441    1.620
    1.655    1.680    1.724    1.733    2.072    2.203    2.999    3.085    3.123    3.152
    3.306    3.431    3.445    3.625    3.963    4.037
            0.285714 -0.285714  0.000000
  -53.132  -53.122  -53.122  -53.112  -52.959  -52.949  -52.948  -52.939  -29.341  -29.333
  -29.317  -29.317  -29.305  -29.294  -29.268  -29.251  -29.191  -29.173  -29.168  -29.168
  -29.150  -29.146  -29.124  -29.105  -29.104  -29.088  -29.088  -29.067  -29.008  -28.992
  -28.959  -28.942   -9.552   -8.718   -8.709   -8.362   -8.198   -7.623   -7.592   -7.448
   -3.315   -3.045   -2.892   -2.694   -2.665   -2.643   -2.279   -1.832   -1.637   -1.524
   -1.489   -1.442   -1.184   -1.078   -1.026   -0.860   -0.611   -0.462   -0.293   -0.079
    0.207    0.517    0.579    0.748    0.986    1.037    1.226    1.297    1.339    1.685
    1.782    1.832    1.833    1.869    2.215    2.397    2.980    3.007    3.078    3.156
    3.212    3.251    3.363    3.750    3.824    4.185
            0.285714 -0.285714 -0.195657
  -53.132  -53.122  -53.122  -53.112  -52.959  -52.949  -52.948  -52.939  -29.341  -29.333
  -29.317  -29.317  -29.305  -29.294  -29.268  -29.251  -29.191  -29.173  -29.168  -29.168
  -29.150  -29.146  -29.124  -29.105  -29.104  -29.088  -29.088  -29.067  -29.008  -28.992
  -28.959  -28.942   -9.552   -8.718   -8.709   -8.362   -8.198   -7.623   -7.592   -7.448
   -3.315   -3.045   -2.892   -2.694   -2.665   -2.643   -2.279   -1.832   -1.637   -1.524
   -1.489   -1.442   -1.184   -1.078   -1.026   -0.860   -0.611   -0.462   -0.293   -0.079
    0.207    0.517    0.579    0.748    0.986    1.037    1.226    1.297    1.339    1.685
    1.782    1.832    1.833    1.869    2.215    2.397    2.980    3.007    3.078    3.156
    3.212    3.251    3.363    3.750    3.824    4.185
            0.428571  0.428571  0.251559
  -53.126  -53.122  -53.122  -53.118  -52.952  -52.949  -52.949  -52.945  -29.302  -29.301
  -29.299  -29.296  -29.280  -29.273  -29.250  -29.243  -29.232  -29.225  -29.208  -29.201
  -29.111  -29.109  -29.105  -29.103  -29.102  -29.097  -29.054  -29.050  -29.041  -29.036
  -28.997  -28.991   -9.098   -8.850   -8.844   -8.657   -7.876   -7.717   -7.701   -7.596
   -2.702   -2.607   -2.436   -2.404   -2.401   -2.226   -2.121   -1.965   -1.935   -1.782
   -1.700   -1.695   -1.219   -1.172   -1.117   -1.024   -0.900   -0.762   -0.666   -0.588
    0.176    0.297    0.412    0.448    1.082    1.093    1.225    1.317    1.506    1.614
    1.628    1.677    1.805    1.812    1.940    2.014    3.142    3.170    3.215    3.256
    3.362    3.476    3.482    3.691    3.947    4.155
            0.428571  0.428571  0.055902
  -53.126  -53.122  -53.122  -53.118  -52.952  -52.949  -52.949  -52.945  -29.302  -29.301
  -29.299  -29.296  -29.280  -29.273  -29.250  -29.243  -29.232  -29.225  -29.208  -29.201
  -29.111  -29.109  -29.105  -29.103  -29.102  -29.097  -29.054  -29.050  -29.041  -29.036
  -28.997  -28.991   -9.098   -8.850   -8.844   -8.657   -7.876   -7.717   -7.701   -7.596
   -2.702   -2.607   -2.436   -2.404   -2.401   -2.226   -2.121   -1.965   -1.935   -1.782
   -1.700   -1.695   -1.219   -1.172   -1.117   -1.024   -0.900   -0.762   -0.666   -0.588
    0.176    0.297    0.412    0.448    1.082    1.093    1.225    1.317    1.506    1.614
    1.628    1.677    1.805    1.812    1.940    2.014    3.142    3.170    3.215    3.256
    3.362    3.476    3.482    3.691    3.946    4.155
            0.428571 -0.428571 -0.000000
  -53.126  -53.122  -53.122  -53.118  -52.952  -52.949  -52.949  -52.945  -29.302  -29.301
  -29.299  -29.296  -29.280  -29.273  -29.250  -29.243  -29.232  -29.225  -29.208  -29.201
  -29.111  -29.109  -29.105  -29.103  -29.102  -29.097  -29.054  -29.050  -29.041  -29.036
  -28.997  -28.991   -9.098   -8.850   -8.844   -8.657   -7.876   -7.717   -7.701   -7.596
   -2.702   -2.607   -2.436   -2.404   -2.401   -2.226   -2.121   -1.965   -1.935   -1.782
   -1.700   -1.695   -1.219   -1.172   -1.117   -1.024   -0.900   -0.762   -0.666   -0.588
    0.176    0.297    0.412    0.448    1.082    1.093    1.225    1.317    1.506    1.614
    1.628    1.677    1.805    1.812    1.940    2.014    3.142    3.170    3.215    3.256
    3.362    3.476    3.482    3.691    3.946    4.155
            0.428571 -0.428571 -0.195657
  -53.126  -53.122  -53.122  -53.118  -52.952  -52.949  -52.949  -52.945  -29.302  -29.301
  -29.299  -29.296  -29.280  -29.273  -29.250  -29.243  -29.232  -29.225  -29.208  -29.201
  -29.111  -29.109  -29.105  -29.103  -29.101  -29.097  -29.054  -29.050  -29.041  -29.036
  -28.997  -28.991   -9.098   -8.850   -8.844   -8.657   -7.876   -7.717   -7.701   -7.596
   -2.702   -2.607   -2.436   -2.404   -2.401   -2.226   -2.121   -1.965   -1.935   -1.782
   -1.700   -1.695   -1.219   -1.172   -1.117   -1.024   -0.900   -0.762   -0.666   -0.588
    0.176    0.297    0.412    0.448    1.082    1.093    1.225    1.317    1.506    1.614
    1.628    1.677    1.805    1.812    1.940    2.014    3.142    3.170    3.215    3.256
    3.362    3.476    3.482    3.691    3.946    4.155
           -0.142857  0.000000 -0.041927
  -53.138  -53.123  -53.121  -53.107  -52.964  -52.950  -52.947  -52.933  -29.391  -29.369
  -29.351  -29.330  -29.326  -29.296  -29.274  -29.246  -29.220  -29.186  -29.149  -29.138
  -29.135  -29.126  -29.117  -29.111  -29.110  -29.102  -29.085  -29.084  -28.962  -28.941
  -28.933  -28.907   -9.944   -8.544   -8.492   -8.445   -8.228   -7.475   -7.428   -7.395
   -3.984   -3.585   -3.119   -3.000   -2.848   -2.684   -2.523   -1.794   -1.744   -1.729
   -1.249   -1.194   -0.985   -0.764   -0.604   -0.405   -0.365   -0.190   -0.122   -0.120
    0.043    0.287    0.900    0.962    1.088    1.176    1.236    1.503    1.511    1.662
    1.777    1.981    2.001    2.335    2.371    2.693    2.784    2.858    2.981    2.997
    3.281    3.309    3.380    3.580    4.063    4.164
           -0.142857  0.000000  0.153731
  -53.138  -53.123  -53.121  -53.107  -52.964  -52.950  -52.947  -52.933  -29.391  -29.369
  -29.351  -29.330  -29.326  -29.296  -29.274  -29.246  -29.220  -29.186  -29.149  -29.138
  -29.135  -29.126  -29.117  -29.111  -29.110  -29.102  -29.085  -29.084  -28.962  -28.941
  -28.933  -28.907   -9.944   -8.544   -8.492   -8.445   -8.228   -7.475   -7.428   -7.395
   -3.984   -3.585   -3.119   -3.000   -2.848   -2.684   -2.523   -1.794   -1.744   -1.729
   -1.249   -1.194   -0.985   -0.764   -0.604   -0.405   -0.365   -0.190   -0.122   -0.120
    0.043    0.287    0.900    0.962    1.088    1.176    1.236    1.503    1.511    1.662
    1.777    1.981    2.001    2.335    2.371    2.693    2.784    2.858    2.981    2.997
    3.281    3.309    3.380    3.580    4.063    4.164
           -0.285714  0.000000 -0.083853
  -53.135  -53.125  -53.119  -53.109  -52.962  -52.952  -52.945  -52.936  -29.385  -29.357
  -29.341  -29.323  -29.299  -29.289  -29.273  -29.246  -29.215  -29.191  -29.173  -29.145
  -29.145  -29.130  -29.129  -29.110  -29.098  -29.094  -29.083  -29.060  -28.965  -28.959
  -28.945  -28.937   -9.775   -8.832   -8.414   -8.347   -8.265   -7.637   -7.405   -7.385
   -3.803   -3.256   -3.110   -2.849   -2.775   -2.669   -2.487   -2.167   -1.804   -1.527
   -1.350   -1.128   -0.870   -0.820   -0.655   -0.459   -0.446   -0.390   -0.150    0.002
    0.264    0.387    0.740    0.921    1.093    1.132    1.142    1.433    1.518    1.576
    1.913    1.942    1.993    2.246    2.260    2.503    2.517    2.628    3.010    3.116
    3.257    3.270    3.388    3.398    4.000    4.110
           -0.285714  0.000000  0.111804
  -53.135  -53.125  -53.119  -53.109  -52.962  -52.952  -52.945  -52.936  -29.385  -29.357
  -29.341  -29.323  -29.299  -29.289  -29.273  -29.246  -29.215  -29.191  -29.173  -29.145
  -29.145  -29.130  -29.129  -29.110  -29.098  -29.094  -29.083  -29.060  -28.965  -28.959
  -28.945  -28.937   -9.775   -8.832   -8.414   -8.347   -8.265   -7.637   -7.405   -7.385
   -3.803   -3.256   -3.110   -2.849   -2.775   -2.669   -2.487   -2.167   -1.804   -1.527
   -1.350   -1.128   -0.870   -0.820   -0.655   -0.459   -0.446   -0.390   -0.150    0.002
    0.264    0.387    0.740    0.921    1.093    1.132    1.142    1.433    1.518    1.576
    1.913    1.942    1.993    2.246    2.260    2.503    2.517    2.628    3.010    3.116
    3.257    3.270    3.388    3.398    4.000    4.110
           -0.428571  0.000000 -0.125780
  -53.132  -53.128  -53.116  -53.112  -52.959  -52.955  -52.942  -52.939  -29.376  -29.366
  -29.315  -29.314  -29.281  -29.278  -29.261  -29.232  -29.220  -29.207  -29.199  -29.190
  -29.140  -29.134  -29.121  -29.114  -29.092  -29.086  -29.056  -29.023  -29.010  -28.979
  -28.954  -28.949   -9.511   -9.180   -8.367   -8.315   -8.130   -7.876   -7.385   -7.379
   -3.554   -3.303   -2.858   -2.724   -2.656   -2.528   -2.479   -2.222   -2.040   -1.971
   -1.085   -0.847   -0.843   -0.833   -0.715   -0.662   -0.565   -0.565   -0.017    0.191
    0.307    0.524    0.632    0.699    0.854    0.955    1.357    1.523    1.608    1.766
    1.816    1.902    1.964    2.193    2.260    2.276    2.304    2.618    2.678    2.931
    3.201    3.245    3.595    3.737    3.817    3.858
           -0.428571  0.000000  0.069878
  -53.132  -53.128  -53.116  -53.112  -52.959  -52.955  -52.942  -52.939  -29.376  -29.366
  -29.315  -29.314  -29.281  -29.278  -29.261  -29.232  -29.220  -29.207  -29.199  -29.190
  -29.140  -29.134  -29.121  -29.114  -29.092  -29.086  -29.056  -29.023  -29.010  -28.979
  -28.954  -28.949   -9.511   -9.180   -8.367   -8.315   -8.130   -7.876   -7.385   -7.379
   -3.554   -3.303   -2.858   -2.724   -2.656   -2.528   -2.479   -2.222   -2.040   -1.971
   -1.085   -0.847   -0.843   -0.833   -0.715   -0.662   -0.565   -0.565   -0.017    0.191
    0.307    0.524    0.632    0.699    0.854    0.955    1.357    1.523    1.608    1.766
    1.816    1.902    1.964    2.193    2.260    2.276    2.304    2.618    2.678    2.931
    3.201    3.245    3.595    3.738    3.817    3.858
           -0.285714 -0.142857 -0.125780
  -53.135  -53.124  -53.120  -53.110  -52.961  -52.951  -52.946  -52.936  -29.373  -29.346
  -29.339  -29.321  -29.301  -29.291  -29.272  -29.247  -29.203  -29.179  -29.172  -29.157
  -29.147  -29.141  -29.128  -29.108  -29.100  -29.092  -29.084  -29.062  -28.972  -28.963
  -28.957  -28.938   -9.717   -8.802   -8.493   -8.309   -8.290   -7.625   -7.454   -7.416
   -3.664   -3.196   -3.054   -2.794   -2.740   -2.674   -2.434   -2.080   -1.764   -1.505
   -1.357   -1.151   -1.087   -0.889   -0.711   -0.689   -0.471   -0.365   -0.151   -0.132
    0.402    0.528    0.802    0.840    0.857    0.991    1.169    1.245    1.524    1.675
    1.822    1.881    1.922    2.139    2.379    2.560    2.700    2.728    2.953    3.191
    3.225    3.248    3.354    3.423    3.960    4.292
           -0.285714 -0.142857  0.069878
  -53.135  -53.124  -53.120  -53.110  -52.961  -52.951  -52.946  -52.936  -29.373  -29.346
  -29.339  -29.321  -29.301  -29.291  -29.272  -29.247  -29.203  -29.179  -29.172  -29.157
  -29.147  -29.141  -29.128  -29.108  -29.100  -29.092  -29.084  -29.062  -28.972  -28.963
  -28.957  -28.938   -9.717   -8.802   -8.493   -8.309   -8.290   -7.625   -7.454   -7.416
   -3.664   -3.196   -3.054   -2.794   -2.740   -2.674   -2.434   -2.080   -1.764   -1.505
   -1.357   -1.151   -1.087   -0.889   -0.711   -0.689   -0.471   -0.365   -0.151   -0.132
    0.402    0.528    0.802    0.840    0.857    0.991    1.169    1.245    1.524    1.675
    1.822    1.881    1.922    2.139    2.379    2.560    2.700    2.728    2.953    3.191
    3.225    3.248    3.354    3.423    3.960    4.292
           -0.428571 -0.142857 -0.167706
  -53.131  -53.127  -53.117  -53.113  -52.958  -52.955  -52.943  -52.939  -29.365  -29.355
  -29.313  -29.313  -29.282  -29.279  -29.259  -29.233  -29.218  -29.195  -29.191  -29.187
  -29.152  -29.146  -29.119  -29.112  -29.093  -29.087  -29.055  -29.025  -29.008  -28.980
  -28.967  -28.962   -9.460   -9.139   -8.430   -8.358   -8.099   -7.854   -7.429   -7.415
   -3.437   -3.215   -2.780   -2.660   -2.623   -2.493   -2.430   -2.140   -2.011   -1.908
   -1.103   -0.982   -0.888   -0.873   -0.869   -0.852   -0.648   -0.611    0.010    0.043
    0.357    0.406    0.689    0.706    0.739    0.803    1.409    1.438    1.629    1.684
    1.748    1.772    1.960    2.040    2.192    2.277    2.746    2.763    2.883    2.939
    3.160    3.179    3.553    3.775    3.778    4.033
           -0.428571 -0.142857  0.027951
  -53.131  -53.127  -53.117  -53.113  -52.958  -52.955  -52.943  -52.939  -29.365  -29.355
  -29.313  -29.313  -29.282  -29.279  -29.259  -29.233  -29.218  -29.195  -29.191  -29.187
  -29.152  -29.146  -29.119  -29.112  -29.093  -29.087  -29.055  -29.025  -29.008  -28.980
  -28.967  -28.962   -9.460   -9.139   -8.430   -8.358   -8.099   -7.854   -7.429   -7.415
   -3.437   -3.215   -2.780   -2.660   -2.623   -2.493   -2.430   -2.140   -2.011   -1.908
   -1.103   -0.982   -0.888   -0.873   -0.869   -0.852   -0.648   -0.611    0.010    0.043
    0.357    0.406    0.689    0.706    0.739    0.803    1.409    1.438    1.629    1.684
    1.748    1.772    1.960    2.040    2.192    2.277    2.746    2.763    2.883    2.939
    3.160    3.179    3.553    3.775    3.778    4.024
            0.428571 -0.142857  0.083853
  -53.131  -53.127  -53.117  -53.113  -52.958  -52.955  -52.943  -52.939  -29.365  -29.355
  -29.313  -29.313  -29.282  -29.279  -29.259  -29.233  -29.218  -29.195  -29.191  -29.187
  -29.152  -29.146  -29.119  -29.112  -29.093  -29.087  -29.055  -29.025  -29.008  -28.980
  -28.967  -28.962   -9.460   -9.139   -8.430   -8.358   -8.099   -7.854   -7.429   -7.415
   -3.437   -3.215   -2.780   -2.660   -2.623   -2.493   -2.430   -2.140   -2.011   -1.908
   -1.103   -0.982   -0.888   -0.873   -0.869   -0.852   -0.648   -0.611    0.010    0.043
    0.357    0.406    0.689    0.706    0.739    0.803    1.409    1.438    1.629    1.684
    1.748    1.772    1.960    2.040    2.192    2.277    2.746    2.763    2.883    2.939
    3.160    3.179    3.553    3.775    3.778    4.022
            0.428571 -0.142857  0.279510
  -53.131  -53.127  -53.117  -53.113  -52.958  -52.955  -52.943  -52.939  -29.365  -29.355
  -29.313  -29.313  -29.282  -29.279  -29.259  -29.233  -29.218  -29.195  -29.191  -29.187
  -29.152  -29.146  -29.119  -29.112  -29.093  -29.087  -29.055  -29.025  -29.008  -28.980
  -28.967  -28.962   -9.460   -9.139   -8.430   -8.358   -8.099   -7.854   -7.429   -7.415
   -3.437   -3.215   -2.780   -2.660   -2.623   -2.493   -2.430   -2.140   -2.011   -1.908
   -1.103   -0.982   -0.888   -0.873   -0.869   -0.852   -0.648   -0.611    0.010    0.043
    0.357    0.406    0.689    0.706    0.739    0.803    1.409    1.438    1.629    1.684
    1.748    1.772    1.960    2.040    2.192    2.277    2.746    2.763    2.883    2.939
    3.160    3.179    3.553    3.775    3.778    4.022
            0.285714 -0.142857  0.041927
  -53.135  -53.124  -53.120  -53.110  -52.961  -52.951  -52.946  -52.936  -29.373  -29.346
  -29.339  -29.321  -29.301  -29.291  -29.272  -29.247  -29.203  -29.179  -29.172  -29.157
  -29.147  -29.141  -29.128  -29.108  -29.100  -29.092  -29.084  -29.062  -28.972  -28.963
  -28.957  -28.938   -9.717   -8.802   -8.493   -8.309   -8.290   -7.625   -7.454   -7.416
   -3.664   -3.196   -3.054   -2.794   -2.740   -2.674   -2.434   -2.080   -1.764   -1.505
   -1.357   -1.151   -1.087   -0.889   -0.711   -0.689   -0.471   -0.365   -0.151   -0.132
    0.402    0.528    0.802    0.840    0.857    0.991    1.169    1.245    1.524    1.675
    1.822    1.881    1.922    2.139    2.379    2.560    2.700    2.728    2.953    3.191
    3.225    3.248    3.354    3.423    3.960    4.292
            0.285714 -0.142857  0.237584
  -53.135  -53.124  -53.120  -53.110  -52.961  -52.951  -52.946  -52.936  -29.373  -29.346
  -29.339  -29.321  -29.301  -29.291  -29.272  -29.247  -29.203  -29.179  -29.172  -29.157
  -29.147  -29.141  -29.128  -29.108  -29.100  -29.092  -29.084  -29.062  -28.972  -28.963
  -28.957  -28.938   -9.717   -8.802   -8.493   -8.309   -8.290   -7.625   -7.454   -7.416
   -3.664   -3.196   -3.054   -2.794   -2.740   -2.674   -2.434   -2.080   -1.764   -1.505
   -1.357   -1.151   -1.087   -0.889   -0.711   -0.689   -0.471   -0.365   -0.151   -0.132
    0.402    0.528    0.802    0.840    0.857    0.991    1.169    1.245    1.524    1.675
    1.822    1.881    1.922    2.139    2.379    2.560    2.700    2.728    2.953    3.191
    3.225    3.248    3.354    3.423    3.960    4.292
           -0.428571 -0.285714 -0.209633
  -53.129  -53.125  -53.119  -53.115  -52.956  -52.952  -52.945  -52.942  -29.333  -29.324
  -29.308  -29.308  -29.286  -29.283  -29.255  -29.237  -29.214  -29.195  -29.185  -29.178
  -29.161  -29.153  -29.115  -29.108  -29.097  -29.091  -29.050  -29.030  -29.007  -29.000
  -28.997  -28.985   -9.315   -9.022   -8.603   -8.480   -8.010   -7.792   -7.557   -7.493
   -3.123   -2.965   -2.572   -2.531   -2.496   -2.401   -2.296   -1.953   -1.914   -1.754
   -1.467   -1.332   -1.205   -1.037   -0.999   -0.993   -0.729   -0.653   -0.332   -0.163
    0.121    0.396    0.519    0.555    0.858    0.925    1.347    1.452    1.454    1.616
    1.660    1.675    1.929    1.939    2.080    2.174    2.968    2.993    3.104    3.119
    3.323    3.442    3.465    3.652    3.773    4.115
           -0.428571 -0.285714 -0.013976
  -53.129  -53.125  -53.119  -53.115  -52.956  -52.952  -52.945  -52.942  -29.333  -29.324
  -29.308  -29.308  -29.286  -29.283  -29.255  -29.237  -29.214  -29.195  -29.185  -29.178
  -29.161  -29.153  -29.115  -29.108  -29.097  -29.091  -29.050  -29.030  -29.007  -29.000
  -28.997  -28.985   -9.315   -9.022   -8.603   -8.480   -8.010   -7.792   -7.557   -7.493
   -3.123   -2.965   -2.572   -2.531   -2.496   -2.401   -2.296   -1.953   -1.914   -1.754
   -1.467   -1.332   -1.205   -1.037   -0.999   -0.993   -0.729   -0.653   -0.332   -0.163
    0.121    0.396    0.519    0.555    0.858    0.925    1.347    1.452    1.454    1.616
    1.660    1.675    1.929    1.939    2.080    2.174    2.968    2.993    3.104    3.119
    3.323    3.442    3.465    3.652    3.773    4.115
            0.428571 -0.285714  0.041927
  -53.129  -53.125  -53.119  -53.115  -52.956  -52.952  -52.945  -52.942  -29.333  -29.324
  -29.308  -29.308  -29.286  -29.283  -29.255  -29.237  -29.214  -29.195  -29.185  -29.178
  -29.161  -29.153  -29.115  -29.108  -29.097  -29.091  -29.050  -29.030  -29.007  -29.000
  -28.997  -28.985   -9.315   -9.022   -8.603   -8.480   -8.010   -7.792   -7.557   -7.493
   -3.123   -2.965   -2.572   -2.531   -2.496   -2.401   -2.296   -1.953   -1.914   -1.754
   -1.467   -1.332   -1.205   -1.037   -0.999   -0.993   -0.729   -0.653   -0.332   -0.163
    0.121    0.396    0.519    0.555    0.858    0.925    1.347    1.452    1.454    1.616
    1.660    1.675    1.929    1.939    2.080    2.174    2.968    2.993    3.104    3.119
    3.323    3.442    3.465    3.652    3.773    4.115
            0.428571 -0.285714  0.237584
  -53.129  -53.125  -53.119  -53.115  -52.956  -52.952  -52.945  -52.942  -29.333  -29.324
  -29.308  -29.308  -29.286  -29.283  -29.255  -29.237  -29.214  -29.195  -29.185  -29.178
  -29.161  -29.153  -29.115  -29.108  -29.097  -29.091  -29.050  -29.030  -29.007  -29.000
  -28.997  -28.985   -9.315   -9.022   -8.603   -8.480   -8.010   -7.792   -7.557   -7.493
   -3.123   -2.965   -2.572   -2.531   -2.496   -2.401   -2.296   -1.953   -1.914   -1.754
   -1.467   -1.332   -1.205   -1.037   -0.999   -0.993   -0.729   -0.653   -0.332   -0.163
    0.121    0.396    0.519    0.555    0.858    0.925    1.347    1.452    1.454    1.616
    1.660    1.675    1.929    1.939    2.080    2.174    2.968    2.993    3.104    3.119
    3.323    3.442    3.465    3.652    3.773    4.115
