   10.7221  -52.9640
   10.9178  -52.9640

   10.7221  -52.9500
   10.9178  -52.9500

   10.7221  -52.9470
   10.9178  -52.9470

   10.7221  -52.9330
   10.9178  -52.9330

   10.7221  -29.3910
   10.9178  -29.3910

   10.7221  -29.3690
   10.9178  -29.3690

   10.7221  -29.3510
   10.9178  -29.3510

   10.7221  -29.3300
   10.9178  -29.3300

   10.7221  -29.3260
   10.9178  -29.3260

   10.7221  -29.2960
   10.9178  -29.2960

   10.7221  -29.2740
   10.9178  -29.2740

   10.7221  -29.2460
   10.9178  -29.2460

   10.7221  -29.2200
   10.9178  -29.2200

   10.7221  -29.1860
   10.9178  -29.1860

   10.7221  -29.1490
   10.9178  -29.1490

   10.7221  -29.1380
   10.9178  -29.1380

   10.7221  -29.1350
   10.9178  -29.1350

   10.7221  -29.1260
   10.9178  -29.1260

   10.7221  -29.1170
   10.9178  -29.1170

   10.7221  -29.1110
   10.9178  -29.1110

   10.7221  -29.1100
   10.9178  -29.1100

   10.7221  -29.1020
   10.9178  -29.1020

   10.7221  -29.0850
   10.9178  -29.0850

   10.7221  -29.0840
   10.9178  -29.0840

   10.7221  -28.9620
   10.9178  -28.9620

   10.7221  -28.9410
   10.9178  -28.9410

   10.7221  -28.9330
   10.9178  -28.9330

   10.7221  -28.9070
   10.9178  -28.9070

   10.7221   -9.9440
   10.9178   -9.9440

   10.7221   -8.5440
   10.9178   -8.5440

   10.7221   -8.4920
   10.9178   -8.4920

   10.7221   -8.4450
   10.9178   -8.4450

   10.7221   -8.2280
   10.9178   -8.2280

   10.7221   -7.4750
   10.9178   -7.4750

   10.7221   -7.4280
   10.9178   -7.4280

   10.7221   -7.3950
   10.9178   -7.3950

   10.7221   -3.9840
   10.9178   -3.9840

   10.7221   -3.5850
   10.9178   -3.5850

   10.7221   -3.1190
   10.9178   -3.1190

   10.7221   -3.0000
   10.9178   -3.0000

   10.7221   -2.8480
   10.9178   -2.8480

   10.7221   -2.6840
   10.9178   -2.6840

   10.7221   -2.5230
   10.9178   -2.5230

   10.7221   -1.7940
   10.9178   -1.7940

   10.7221   -1.7440
   10.9178   -1.7440

   10.7221   -1.7290
   10.9178   -1.7290

   10.7221   -1.2490
   10.9178   -1.2490

   10.7221   -1.1940
   10.9178   -1.1940

   10.7221   -0.9850
   10.9178   -0.9850

   10.7221   -0.7640
   10.9178   -0.7640

   10.7221   -0.6040
   10.9178   -0.6040

   10.7221   -0.4050
   10.9178   -0.4050

   10.7221   -0.3650
   10.9178   -0.3650

   10.7221   -0.1900
   10.9178   -0.1900

   10.7221   -0.1220
   10.9178   -0.1220

   10.7221   -0.1200
   10.9178   -0.1200

   10.7221    0.0430
   10.9178    0.0430

   10.7221    0.2870
   10.9178    0.2870

   10.7221    0.9000
   10.9178    0.9000

   10.7221    0.9620
   10.9178    0.9620

   10.7221    1.0880
   10.9178    1.0880

   10.7221    1.1760
   10.9178    1.1760

   10.7221    1.2360
   10.9178    1.2360

   10.7221    1.5030
   10.9178    1.5030

   10.7221    1.5110
   10.9178    1.5110

   10.7221    1.6620
   10.9178    1.6620

   10.7221    1.7770
   10.9178    1.7770

   10.7221    1.9810
   10.9178    1.9810

   10.7221    2.0010
   10.9178    2.0010

   10.7221    2.3350
   10.9178    2.3350

   10.7221    2.3710
   10.9178    2.3710

   10.7221    2.6930
   10.9178    2.6930

   10.7221    2.7840
   10.9178    2.7840

   10.7221    2.8580
   10.9178    2.8580

   10.7221    2.9810
   10.9178    2.9810

   10.7221    2.9970
   10.9178    2.9970

   10.7221    3.2810
   10.9178    3.2810

   10.7221    3.3090
   10.9178    3.3090

   10.7221    3.3800
   10.9178    3.3800

   10.7221    3.5800
   10.9178    3.5800

   10.7221    4.0630
   10.9178    4.0630

   10.7221    4.1640
   10.9178    4.1640

