   11.3906  -52.9620
   11.6679  -52.9590

   11.3906  -52.9520
   11.6679  -52.9550

   11.3906  -52.9450
   11.6679  -52.9420

   11.3906  -52.9360
   11.6679  -52.9390

   11.3906  -29.3850
   11.6679  -29.3760

   11.3906  -29.3570
   11.6679  -29.3660

   11.3906  -29.3410
   11.6679  -29.3150

   11.3906  -29.3230
   11.6679  -29.3140

   11.3906  -29.2990
   11.6679  -29.2810

   11.3906  -29.2890
   11.6679  -29.2780

   11.3906  -29.2730
   11.6679  -29.2610

   11.3906  -29.2460
   11.6679  -29.2320

   11.3906  -29.2150
   11.6679  -29.2200

   11.3906  -29.1910
   11.6679  -29.2070

   11.3906  -29.1730
   11.6679  -29.1990

   11.3906  -29.1450
   11.6679  -29.1900

   11.3906  -29.1450
   11.6679  -29.1400

   11.3906  -29.1300
   11.6679  -29.1340

   11.3906  -29.1290
   11.6679  -29.1210

   11.3906  -29.1100
   11.6679  -29.1140

   11.3906  -29.0980
   11.6679  -29.0920

   11.3906  -29.0940
   11.6679  -29.0860

   11.3906  -29.0830
   11.6679  -29.0560

   11.3906  -29.0600
   11.6679  -29.0230

   11.3906  -28.9650
   11.6679  -29.0100

   11.3906  -28.9590
   11.6679  -28.9790

   11.3906  -28.9450
   11.6679  -28.9540

   11.3906  -28.9370
   11.6679  -28.9490

   11.3906   -9.7750
   11.6679   -9.5110

   11.3906   -8.8320
   11.6679   -9.1800

   11.3906   -8.4140
   11.6679   -8.3670

   11.3906   -8.3470
   11.6679   -8.3150

   11.3906   -8.2650
   11.6679   -8.1300

   11.3906   -7.6370
   11.6679   -7.8760

   11.3906   -7.4050
   11.6679   -7.3850

   11.3906   -7.3850
   11.6679   -7.3790

   11.3906   -3.8030
   11.6679   -3.5540

   11.3906   -3.2560
   11.6679   -3.3030

   11.3906   -3.1100
   11.6679   -2.8580

   11.3906   -2.8490
   11.6679   -2.7240

   11.3906   -2.7750
   11.6679   -2.6560

   11.3906   -2.6690
   11.6679   -2.5280

   11.3906   -2.4870
   11.6679   -2.4790

   11.3906   -2.1670
   11.6679   -2.2220

   11.3906   -1.8040
   11.6679   -2.0400

   11.3906   -1.5270
   11.6679   -1.9710

   11.3906   -1.3500
   11.6679   -1.0850

   11.3906   -1.1280
   11.6679   -0.8470

   11.3906   -0.8700
   11.6679   -0.8430

   11.3906   -0.8200
   11.6679   -0.8330

   11.3906   -0.6550
   11.6679   -0.7150

   11.3906   -0.4590
   11.6679   -0.6620

   11.3906   -0.4460
   11.6679   -0.5650

   11.3906   -0.3900
   11.6679   -0.5650

   11.3906   -0.1500
   11.6679   -0.0170

   11.3906    0.0020
   11.6679    0.1910

   11.3906    0.2640
   11.6679    0.3070

   11.3906    0.3870
   11.6679    0.5240

   11.3906    0.7400
   11.6679    0.6320

   11.3906    0.9210
   11.6679    0.6990

   11.3906    1.0930
   11.6679    0.8540

   11.3906    1.1320
   11.6679    0.9550

   11.3906    1.1420
   11.6679    1.3570

   11.3906    1.4330
   11.6679    1.5230

   11.3906    1.5180
   11.6679    1.6080

   11.3906    1.5760
   11.6679    1.7660

   11.3906    1.9130
   11.6679    1.8160

   11.3906    1.9420
   11.6679    1.9020

   11.3906    1.9930
   11.6679    1.9640

   11.3906    2.2460
   11.6679    2.1930

   11.3906    2.2600
   11.6679    2.2600

   11.3906    2.5030
   11.6679    2.2760

   11.3906    2.5170
   11.6679    2.3040

   11.3906    2.6280
   11.6679    2.6180

   11.3906    3.0100
   11.6679    2.6780

   11.3906    3.1160
   11.6679    2.9310

   11.3906    3.2570
   11.6679    3.2010

   11.3906    3.2700
   11.6679    3.2450

   11.3906    3.3880
   11.6679    3.5950

   11.3906    3.3980
   11.6679    3.7370

   11.3906    4.0000
   11.6679    3.8170

   11.3906    4.1100
   11.6679    3.8580

