    2.4417  -52.9610
    2.6374  -52.9610

    2.4417  -52.9500
    2.6374  -52.9500

    2.4417  -52.9470
    2.6374  -52.9470

    2.4417  -52.9370
    2.6374  -52.9370

    2.4417  -29.3610
    2.6374  -29.3610

    2.4417  -29.3470
    2.6374  -29.3470

    2.4417  -29.3340
    2.6374  -29.3340

    2.4417  -29.3240
    2.6374  -29.3240

    2.4417  -29.3090
    2.6374  -29.3090

    2.4417  -29.3010
    2.6374  -29.3010

    2.4417  -29.2690
    2.6374  -29.2690

    2.4417  -29.2510
    2.6374  -29.2510

    2.4417  -29.1950
    2.6374  -29.1950

    2.4417  -29.1730
    2.6374  -29.1730

    2.4417  -29.1690
    2.6374  -29.1690

    2.4417  -29.1410
    2.6374  -29.1410

    2.4417  -29.1330
    2.6374  -29.1330

    2.4417  -29.1290
    2.6374  -29.1290

    2.4417  -29.1160
    2.6374  -29.1160

    2.4417  -29.1110
    2.6374  -29.1110

    2.4417  -29.1080
    2.6374  -29.1080

    2.4417  -29.1050
    2.6374  -29.1050

    2.4417  -29.0910
    2.6374  -29.0910

    2.4417  -29.0890
    2.6374  -29.0890

    2.4417  -29.0120
    2.6374  -29.0120

    2.4417  -28.9880
    2.6374  -28.9880

    2.4417  -28.9280
    2.6374  -28.9280

    2.4417  -28.9120
    2.6374  -28.9120

    2.4417   -9.7050
    2.6374   -9.7050

    2.4417   -8.7790
    2.6374   -8.7790

    2.4417   -8.4710
    2.6374   -8.4710

    2.4417   -8.3250
    2.6374   -8.3250

    2.4417   -8.2730
    2.6374   -8.2730

    2.4417   -7.6730
    2.6374   -7.6730

    2.4417   -7.4570
    2.6374   -7.4570

    2.4417   -7.4270
    2.6374   -7.4270

    2.4417   -3.4650
    2.6374   -3.4650

    2.4417   -3.3750
    2.6374   -3.3750

    2.4417   -2.9080
    2.6374   -2.9080

    2.4417   -2.8830
    2.6374   -2.8830

    2.4417   -2.8060
    2.6374   -2.8060

    2.4417   -2.7550
    2.6374   -2.7550

    2.4417   -2.4280
    2.6374   -2.4280

    2.4417   -1.7380
    2.6374   -1.7380

    2.4417   -1.5770
    2.6374   -1.5770

    2.4417   -1.5750
    2.6374   -1.5750

    2.4417   -1.4960
    2.6374   -1.4960

    2.4417   -1.3480
    2.6374   -1.3480

    2.4417   -1.2850
    2.6374   -1.2850

    2.4417   -0.9420
    2.6374   -0.9420

    2.4417   -0.8210
    2.6374   -0.8210

    2.4417   -0.7180
    2.6374   -0.7180

    2.4417   -0.5310
    2.6374   -0.5310

    2.4417   -0.5070
    2.6374   -0.5070

    2.4417   -0.0380
    2.6374   -0.0380

    2.4417    0.0330
    2.6374    0.0330

    2.4417    0.4620
    2.6374    0.4620

    2.4417    0.5720
    2.6374    0.5720

    2.4417    0.6770
    2.6374    0.6770

    2.4417    0.7410
    2.6374    0.7410

    2.4417    0.9900
    2.6374    0.9900

    2.4417    1.1550
    2.6374    1.1550

    2.4417    1.2010
    2.6374    1.2010

    2.4417    1.2880
    2.6374    1.2880

    2.4417    1.5180
    2.6374    1.5180

    2.4417    1.5650
    2.6374    1.5650

    2.4417    1.8270
    2.6374    1.8270

    2.4417    1.8890
    2.6374    1.8890

    2.4417    1.9510
    2.6374    1.9510

    2.4417    2.1410
    2.6374    2.1410

    2.4417    2.2330
    2.6374    2.2330

    2.4417    2.5530
    2.6374    2.5530

    2.4417    2.7320
    2.6374    2.7320

    2.4417    2.7880
    2.6374    2.7880

    2.4417    2.8330
    2.6374    2.8330

    2.4417    3.2460
    2.6374    3.2460

    2.4417    3.3300
    2.6374    3.3300

    2.4417    3.3350
    2.6374    3.3350

    2.4417    3.4660
    2.6374    3.4660

    2.4417    3.7850
    2.6374    3.7850

    2.4417    3.8640
    2.6374    3.8640

    2.4417    4.0160
    2.6374    4.0250

