   16.2502  -52.9560
   16.4458  -52.9560

   16.2502  -52.9520
   16.4458  -52.9520

   16.2502  -52.9450
   16.4458  -52.9450

   16.2502  -52.9420
   16.4458  -52.9420

   16.2502  -29.3330
   16.4458  -29.3330

   16.2502  -29.3240
   16.4458  -29.3240

   16.2502  -29.3080
   16.4458  -29.3080

   16.2502  -29.3080
   16.4458  -29.3080

   16.2502  -29.2860
   16.4458  -29.2860

   16.2502  -29.2830
   16.4458  -29.2830

   16.2502  -29.2550
   16.4458  -29.2550

   16.2502  -29.2370
   16.4458  -29.2370

   16.2502  -29.2140
   16.4458  -29.2140

   16.2502  -29.1950
   16.4458  -29.1950

   16.2502  -29.1850
   16.4458  -29.1850

   16.2502  -29.1780
   16.4458  -29.1780

   16.2502  -29.1610
   16.4458  -29.1610

   16.2502  -29.1530
   16.4458  -29.1530

   16.2502  -29.1150
   16.4458  -29.1150

   16.2502  -29.1080
   16.4458  -29.1080

   16.2502  -29.0970
   16.4458  -29.0970

   16.2502  -29.0910
   16.4458  -29.0910

   16.2502  -29.0500
   16.4458  -29.0500

   16.2502  -29.0300
   16.4458  -29.0300

   16.2502  -29.0070
   16.4458  -29.0070

   16.2502  -29.0000
   16.4458  -29.0000

   16.2502  -28.9970
   16.4458  -28.9970

   16.2502  -28.9850
   16.4458  -28.9850

   16.2502   -9.3150
   16.4458   -9.3150

   16.2502   -9.0220
   16.4458   -9.0220

   16.2502   -8.6030
   16.4458   -8.6030

   16.2502   -8.4800
   16.4458   -8.4800

   16.2502   -8.0100
   16.4458   -8.0100

   16.2502   -7.7920
   16.4458   -7.7920

   16.2502   -7.5570
   16.4458   -7.5570

   16.2502   -7.4930
   16.4458   -7.4930

   16.2502   -3.1230
   16.4458   -3.1230

   16.2502   -2.9650
   16.4458   -2.9650

   16.2502   -2.5720
   16.4458   -2.5720

   16.2502   -2.5310
   16.4458   -2.5310

   16.2502   -2.4960
   16.4458   -2.4960

   16.2502   -2.4010
   16.4458   -2.4010

   16.2502   -2.2960
   16.4458   -2.2960

   16.2502   -1.9530
   16.4458   -1.9530

   16.2502   -1.9140
   16.4458   -1.9140

   16.2502   -1.7540
   16.4458   -1.7540

   16.2502   -1.4670
   16.4458   -1.4670

   16.2502   -1.3320
   16.4458   -1.3320

   16.2502   -1.2050
   16.4458   -1.2050

   16.2502   -1.0370
   16.4458   -1.0370

   16.2502   -0.9990
   16.4458   -0.9990

   16.2502   -0.9930
   16.4458   -0.9930

   16.2502   -0.7290
   16.4458   -0.7290

   16.2502   -0.6530
   16.4458   -0.6530

   16.2502   -0.3320
   16.4458   -0.3320

   16.2502   -0.1630
   16.4458   -0.1630

   16.2502    0.1210
   16.4458    0.1210

   16.2502    0.3960
   16.4458    0.3960

   16.2502    0.5190
   16.4458    0.5190

   16.2502    0.5550
   16.4458    0.5550

   16.2502    0.8580
   16.4458    0.8580

   16.2502    0.9250
   16.4458    0.9250

   16.2502    1.3470
   16.4458    1.3470

   16.2502    1.4520
   16.4458    1.4520

   16.2502    1.4540
   16.4458    1.4540

   16.2502    1.6160
   16.4458    1.6160

   16.2502    1.6600
   16.4458    1.6600

   16.2502    1.6750
   16.4458    1.6750

   16.2502    1.9290
   16.4458    1.9290

   16.2502    1.9390
   16.4458    1.9390

   16.2502    2.0800
   16.4458    2.0800

   16.2502    2.1740
   16.4458    2.1740

   16.2502    2.9680
   16.4458    2.9680

   16.2502    2.9930
   16.4458    2.9930

   16.2502    3.1040
   16.4458    3.1040

   16.2502    3.1190
   16.4458    3.1190

   16.2502    3.3230
   16.4458    3.3230

   16.2502    3.4420
   16.4458    3.4420

   16.2502    3.4650
   16.4458    3.4650

   16.2502    3.6520
   16.4458    3.6520

   16.2502    3.7730
   16.4458    3.7730

   16.2502    4.1150
   16.4458    4.1150

