   10.9178  -52.9640
   11.1950  -52.9620

   10.9178  -52.9500
   11.1950  -52.9520

   10.9178  -52.9470
   11.1950  -52.9450

   10.9178  -52.9330
   11.1950  -52.9360

   10.9178  -29.3910
   11.1950  -29.3850

   10.9178  -29.3690
   11.1950  -29.3570

   10.9178  -29.3510
   11.1950  -29.3410

   10.9178  -29.3300
   11.1950  -29.3230

   10.9178  -29.3260
   11.1950  -29.2990

   10.9178  -29.2960
   11.1950  -29.2890

   10.9178  -29.2740
   11.1950  -29.2730

   10.9178  -29.2460
   11.1950  -29.2460

   10.9178  -29.2200
   11.1950  -29.2150

   10.9178  -29.1860
   11.1950  -29.1910

   10.9178  -29.1490
   11.1950  -29.1730

   10.9178  -29.1380
   11.1950  -29.1450

   10.9178  -29.1350
   11.1950  -29.1450

   10.9178  -29.1260
   11.1950  -29.1300

   10.9178  -29.1170
   11.1950  -29.1290

   10.9178  -29.1110
   11.1950  -29.1100

   10.9178  -29.1100
   11.1950  -29.0980

   10.9178  -29.1020
   11.1950  -29.0940

   10.9178  -29.0850
   11.1950  -29.0830

   10.9178  -29.0840
   11.1950  -29.0600

   10.9178  -28.9620
   11.1950  -28.9650

   10.9178  -28.9410
   11.1950  -28.9590

   10.9178  -28.9330
   11.1950  -28.9450

   10.9178  -28.9070
   11.1950  -28.9370

   10.9178   -9.9440
   11.1950   -9.7750

   10.9178   -8.5440
   11.1950   -8.8320

   10.9178   -8.4920
   11.1950   -8.4140

   10.9178   -8.4450
   11.1950   -8.3470

   10.9178   -8.2280
   11.1950   -8.2650

   10.9178   -7.4750
   11.1950   -7.6370

   10.9178   -7.4280
   11.1950   -7.4050

   10.9178   -7.3950
   11.1950   -7.3850

   10.9178   -3.9840
   11.1950   -3.8030

   10.9178   -3.5850
   11.1950   -3.2560

   10.9178   -3.1190
   11.1950   -3.1100

   10.9178   -3.0000
   11.1950   -2.8490

   10.9178   -2.8480
   11.1950   -2.7750

   10.9178   -2.6840
   11.1950   -2.6690

   10.9178   -2.5230
   11.1950   -2.4870

   10.9178   -1.7940
   11.1950   -2.1670

   10.9178   -1.7440
   11.1950   -1.8040

   10.9178   -1.7290
   11.1950   -1.5270

   10.9178   -1.2490
   11.1950   -1.3500

   10.9178   -1.1940
   11.1950   -1.1280

   10.9178   -0.9850
   11.1950   -0.8700

   10.9178   -0.7640
   11.1950   -0.8200

   10.9178   -0.6040
   11.1950   -0.6550

   10.9178   -0.4050
   11.1950   -0.4590

   10.9178   -0.3650
   11.1950   -0.4460

   10.9178   -0.1900
   11.1950   -0.3900

   10.9178   -0.1220
   11.1950   -0.1500

   10.9178   -0.1200
   11.1950    0.0020

   10.9178    0.0430
   11.1950    0.2640

   10.9178    0.2870
   11.1950    0.3870

   10.9178    0.9000
   11.1950    0.7400

   10.9178    0.9620
   11.1950    0.9210

   10.9178    1.0880
   11.1950    1.0930

   10.9178    1.1760
   11.1950    1.1320

   10.9178    1.2360
   11.1950    1.1420

   10.9178    1.5030
   11.1950    1.4330

   10.9178    1.5110
   11.1950    1.5180

   10.9178    1.6620
   11.1950    1.5760

   10.9178    1.7770
   11.1950    1.9130

   10.9178    1.9810
   11.1950    1.9420

   10.9178    2.0010
   11.1950    1.9930

   10.9178    2.3350
   11.1950    2.2460

   10.9178    2.3710
   11.1950    2.2600

   10.9178    2.6930
   11.1950    2.5030

   10.9178    2.7840
   11.1950    2.5170

   10.9178    2.8580
   11.1950    2.6280

   10.9178    2.9810
   11.1950    3.0100

   10.9178    2.9970
   11.1950    3.1160

   10.9178    3.2810
   11.1950    3.2570

   10.9178    3.3090
   11.1950    3.2700

   10.9178    3.3800
   11.1950    3.3880

   10.9178    3.5800
   11.1950    3.3980

   10.9178    4.0630
   11.1950    4.0000

   10.9178    4.1640
   11.1950    4.1100

