    3.9692  -52.9570
    4.1649  -52.9580

    3.9692  -52.9540
    4.1649  -52.9540

    3.9692  -52.9440
    4.1649  -52.9440

    3.9692  -52.9400
    4.1649  -52.9400

    3.9692  -29.3530
    4.1649  -29.3530

    3.9692  -29.3430
    4.1649  -29.3430

    3.9692  -29.3180
    4.1649  -29.3180

    3.9692  -29.3140
    4.1649  -29.3140

    3.9692  -29.2930
    4.1649  -29.2930

    3.9692  -29.2670
    4.1649  -29.2670

    3.9692  -29.2640
    4.1649  -29.2640

    3.9692  -29.2540
    4.1649  -29.2540

    3.9692  -29.2430
    4.1649  -29.2430

    3.9692  -29.2140
    4.1649  -29.2140

    3.9692  -29.1270
    4.1649  -29.1270

    3.9692  -29.1220
    4.1649  -29.1230

    3.9692  -29.1220
    4.1649  -29.1220

    3.9692  -29.1210
    4.1649  -29.1210

    3.9692  -29.1150
    4.1649  -29.1150

    3.9692  -29.1050
    4.1649  -29.1050

    3.9692  -29.1000
    4.1649  -29.1000

    3.9692  -29.0980
    4.1649  -29.0980

    3.9692  -29.0940
    4.1649  -29.0940

    3.9692  -29.0920
    4.1649  -29.0920

    3.9692  -29.0640
    4.1649  -29.0640

    3.9692  -29.0380
    4.1649  -29.0380

    3.9692  -28.9230
    4.1649  -28.9230

    3.9692  -28.9170
    4.1649  -28.9170

    3.9692   -9.4330
    4.1649   -9.4330

    3.9692   -9.1040
    4.1649   -9.1040

    3.9692   -8.4000
    4.1649   -8.4000

    3.9692   -8.3290
    4.1649   -8.3290

    3.9692   -8.1360
    4.1649   -8.1360

    3.9692   -7.9090
    4.1649   -7.9090

    3.9692   -7.4420
    4.1649   -7.4420

    3.9692   -7.4320
    4.1649   -7.4320

    3.9692   -3.1710
    4.1649   -3.1710

    3.9692   -3.0870
    4.1649   -3.0870

    3.9692   -2.9580
    4.1649   -2.9580

    3.9692   -2.8610
    4.1649   -2.8610

    3.9692   -2.7680
    4.1649   -2.7680

    3.9692   -2.7560
    4.1649   -2.7560

    3.9692   -2.0960
    4.1649   -2.0960

    3.9692   -1.8290
    4.1649   -1.8290

    3.9692   -1.8040
    4.1649   -1.8040

    3.9692   -1.7030
    4.1649   -1.7030

    3.9692   -1.3600
    4.1649   -1.3600

    3.9692   -1.3500
    4.1649   -1.3500

    3.9692   -1.1640
    4.1649   -1.1640

    3.9692   -1.1300
    4.1649   -1.1300

    3.9692   -1.0650
    4.1649   -1.0650

    3.9692   -0.8990
    4.1649   -0.8990

    3.9692   -0.6140
    4.1649   -0.6140

    3.9692   -0.5460
    4.1649   -0.5460

    3.9692   -0.0570
    4.1649   -0.0570

    3.9692    0.0990
    4.1649    0.0990

    3.9692    0.2400
    4.1649    0.2400

    3.9692    0.3740
    4.1649    0.3740

    3.9692    0.7210
    4.1649    0.7210

    3.9692    0.9220
    4.1649    0.9220

    3.9692    0.9980
    4.1649    0.9980

    3.9692    1.1520
    4.1649    1.1520

    3.9692    1.3930
    4.1649    1.3930

    3.9692    1.5600
    4.1649    1.5600

    3.9692    1.6080
    4.1649    1.6080

    3.9692    1.6260
    4.1649    1.6260

    3.9692    1.7090
    4.1649    1.7090

    3.9692    1.7950
    4.1649    1.7950

    3.9692    1.8390
    4.1649    1.8390

    3.9692    1.8400
    4.1649    1.8400

    3.9692    2.0910
    4.1649    2.0910

    3.9692    2.2930
    4.1649    2.2930

    3.9692    2.6620
    4.1649    2.6620

    3.9692    2.7350
    4.1649    2.7350

    3.9692    2.8850
    4.1649    2.8850

    3.9692    3.0770
    4.1649    3.0770

    3.9692    3.3450
    4.1649    3.3450

    3.9692    3.3520
    4.1649    3.3520

    3.9692    3.6420
    4.1649    3.6420

    3.9692    3.7690
    4.1649    3.7690

    3.9692    3.7710
    4.1649    3.7710

    3.9692    3.8360
    4.1649    3.8360

