   13.6723  -52.9580
   13.8679  -52.9580

   13.6723  -52.9550
   13.8679  -52.9550

   13.6723  -52.9430
   13.8679  -52.9430

   13.6723  -52.9390
   13.8679  -52.9390

   13.6723  -29.3650
   13.8679  -29.3650

   13.6723  -29.3550
   13.8679  -29.3550

   13.6723  -29.3130
   13.8679  -29.3130

   13.6723  -29.3130
   13.8679  -29.3130

   13.6723  -29.2820
   13.8679  -29.2820

   13.6723  -29.2790
   13.8679  -29.2790

   13.6723  -29.2590
   13.8679  -29.2590

   13.6723  -29.2330
   13.8679  -29.2330

   13.6723  -29.2180
   13.8679  -29.2180

   13.6723  -29.1950
   13.8679  -29.1950

   13.6723  -29.1910
   13.8679  -29.1910

   13.6723  -29.1870
   13.8679  -29.1870

   13.6723  -29.1520
   13.8679  -29.1520

   13.6723  -29.1460
   13.8679  -29.1460

   13.6723  -29.1190
   13.8679  -29.1190

   13.6723  -29.1120
   13.8679  -29.1120

   13.6723  -29.0930
   13.8679  -29.0930

   13.6723  -29.0870
   13.8679  -29.0870

   13.6723  -29.0550
   13.8679  -29.0550

   13.6723  -29.0250
   13.8679  -29.0250

   13.6723  -29.0080
   13.8679  -29.0080

   13.6723  -28.9800
   13.8679  -28.9800

   13.6723  -28.9670
   13.8679  -28.9670

   13.6723  -28.9620
   13.8679  -28.9620

   13.6723   -9.4600
   13.8679   -9.4600

   13.6723   -9.1390
   13.8679   -9.1390

   13.6723   -8.4300
   13.8679   -8.4300

   13.6723   -8.3580
   13.8679   -8.3580

   13.6723   -8.0990
   13.8679   -8.0990

   13.6723   -7.8540
   13.8679   -7.8540

   13.6723   -7.4290
   13.8679   -7.4290

   13.6723   -7.4150
   13.8679   -7.4150

   13.6723   -3.4370
   13.8679   -3.4370

   13.6723   -3.2150
   13.8679   -3.2150

   13.6723   -2.7800
   13.8679   -2.7800

   13.6723   -2.6600
   13.8679   -2.6600

   13.6723   -2.6230
   13.8679   -2.6230

   13.6723   -2.4930
   13.8679   -2.4930

   13.6723   -2.4300
   13.8679   -2.4300

   13.6723   -2.1400
   13.8679   -2.1400

   13.6723   -2.0110
   13.8679   -2.0110

   13.6723   -1.9080
   13.8679   -1.9080

   13.6723   -1.1030
   13.8679   -1.1030

   13.6723   -0.9820
   13.8679   -0.9820

   13.6723   -0.8880
   13.8679   -0.8880

   13.6723   -0.8730
   13.8679   -0.8730

   13.6723   -0.8690
   13.8679   -0.8690

   13.6723   -0.8520
   13.8679   -0.8520

   13.6723   -0.6480
   13.8679   -0.6480

   13.6723   -0.6110
   13.8679   -0.6110

   13.6723    0.0100
   13.8679    0.0100

   13.6723    0.0430
   13.8679    0.0430

   13.6723    0.3570
   13.8679    0.3570

   13.6723    0.4060
   13.8679    0.4060

   13.6723    0.6890
   13.8679    0.6890

   13.6723    0.7060
   13.8679    0.7060

   13.6723    0.7390
   13.8679    0.7390

   13.6723    0.8030
   13.8679    0.8030

   13.6723    1.4090
   13.8679    1.4090

   13.6723    1.4380
   13.8679    1.4380

   13.6723    1.6290
   13.8679    1.6290

   13.6723    1.6840
   13.8679    1.6840

   13.6723    1.7480
   13.8679    1.7480

   13.6723    1.7720
   13.8679    1.7720

   13.6723    1.9600
   13.8679    1.9600

   13.6723    2.0400
   13.8679    2.0400

   13.6723    2.1920
   13.8679    2.1920

   13.6723    2.2770
   13.8679    2.2770

   13.6723    2.7460
   13.8679    2.7460

   13.6723    2.7630
   13.8679    2.7630

   13.6723    2.8830
   13.8679    2.8830

   13.6723    2.9390
   13.8679    2.9390

   13.6723    3.1600
   13.8679    3.1600

   13.6723    3.1790
   13.8679    3.1790

   13.6723    3.5530
   13.8679    3.5530

   13.6723    3.7750
   13.8679    3.7750

   13.6723    3.7780
   13.8679    3.7780

   13.6723    4.0220
   13.8679    4.0220

