    9.7958  -52.9520
    9.9915  -52.9520

    9.7958  -52.9490
    9.9915  -52.9490

    9.7958  -52.9490
    9.9915  -52.9490

    9.7958  -52.9450
    9.9915  -52.9450

    9.7958  -29.3020
    9.9915  -29.3020

    9.7958  -29.3010
    9.9915  -29.3010

    9.7958  -29.2990
    9.9915  -29.2990

    9.7958  -29.2960
    9.9915  -29.2960

    9.7958  -29.2800
    9.9915  -29.2800

    9.7958  -29.2730
    9.9915  -29.2730

    9.7958  -29.2500
    9.9915  -29.2500

    9.7958  -29.2430
    9.9915  -29.2430

    9.7958  -29.2320
    9.9915  -29.2320

    9.7958  -29.2250
    9.9915  -29.2250

    9.7958  -29.2080
    9.9915  -29.2080

    9.7958  -29.2010
    9.9915  -29.2010

    9.7958  -29.1110
    9.9915  -29.1110

    9.7958  -29.1090
    9.9915  -29.1090

    9.7958  -29.1050
    9.9915  -29.1050

    9.7958  -29.1030
    9.9915  -29.1030

    9.7958  -29.1020
    9.9915  -29.1010

    9.7958  -29.0970
    9.9915  -29.0970

    9.7958  -29.0540
    9.9915  -29.0540

    9.7958  -29.0500
    9.9915  -29.0500

    9.7958  -29.0410
    9.9915  -29.0410

    9.7958  -29.0360
    9.9915  -29.0360

    9.7958  -28.9970
    9.9915  -28.9970

    9.7958  -28.9910
    9.9915  -28.9910

    9.7958   -9.0980
    9.9915   -9.0980

    9.7958   -8.8500
    9.9915   -8.8500

    9.7958   -8.8440
    9.9915   -8.8440

    9.7958   -8.6570
    9.9915   -8.6570

    9.7958   -7.8760
    9.9915   -7.8760

    9.7958   -7.7170
    9.9915   -7.7170

    9.7958   -7.7010
    9.9915   -7.7010

    9.7958   -7.5960
    9.9915   -7.5960

    9.7958   -2.7020
    9.9915   -2.7020

    9.7958   -2.6070
    9.9915   -2.6070

    9.7958   -2.4360
    9.9915   -2.4360

    9.7958   -2.4040
    9.9915   -2.4040

    9.7958   -2.4010
    9.9915   -2.4010

    9.7958   -2.2260
    9.9915   -2.2260

    9.7958   -2.1210
    9.9915   -2.1210

    9.7958   -1.9650
    9.9915   -1.9650

    9.7958   -1.9350
    9.9915   -1.9350

    9.7958   -1.7820
    9.9915   -1.7820

    9.7958   -1.7000
    9.9915   -1.7000

    9.7958   -1.6950
    9.9915   -1.6950

    9.7958   -1.2190
    9.9915   -1.2190

    9.7958   -1.1720
    9.9915   -1.1720

    9.7958   -1.1170
    9.9915   -1.1170

    9.7958   -1.0240
    9.9915   -1.0240

    9.7958   -0.9000
    9.9915   -0.9000

    9.7958   -0.7620
    9.9915   -0.7620

    9.7958   -0.6660
    9.9915   -0.6660

    9.7958   -0.5880
    9.9915   -0.5880

    9.7958    0.1760
    9.9915    0.1760

    9.7958    0.2970
    9.9915    0.2970

    9.7958    0.4120
    9.9915    0.4120

    9.7958    0.4480
    9.9915    0.4480

    9.7958    1.0820
    9.9915    1.0820

    9.7958    1.0930
    9.9915    1.0930

    9.7958    1.2250
    9.9915    1.2250

    9.7958    1.3170
    9.9915    1.3170

    9.7958    1.5060
    9.9915    1.5060

    9.7958    1.6140
    9.9915    1.6140

    9.7958    1.6280
    9.9915    1.6280

    9.7958    1.6770
    9.9915    1.6770

    9.7958    1.8050
    9.9915    1.8050

    9.7958    1.8120
    9.9915    1.8120

    9.7958    1.9400
    9.9915    1.9400

    9.7958    2.0140
    9.9915    2.0140

    9.7958    3.1420
    9.9915    3.1420

    9.7958    3.1700
    9.9915    3.1700

    9.7958    3.2150
    9.9915    3.2150

    9.7958    3.2560
    9.9915    3.2560

    9.7958    3.3620
    9.9915    3.3620

    9.7958    3.4760
    9.9915    3.4760

    9.7958    3.4820
    9.9915    3.4820

    9.7958    3.6910
    9.9915    3.6910

    9.7958    3.9460
    9.9915    3.9460

    9.7958    4.1550
    9.9915    4.1550

