    5.6904  -52.9590
    5.8860  -52.9590

    5.6904  -52.9490
    5.8860  -52.9490

    5.6904  -52.9480
    5.8860  -52.9480

    5.6904  -52.9390
    5.8860  -52.9390

    5.6904  -29.3410
    5.8860  -29.3410

    5.6904  -29.3330
    5.8860  -29.3330

    5.6904  -29.3170
    5.8860  -29.3170

    5.6904  -29.3170
    5.8860  -29.3170

    5.6904  -29.3050
    5.8860  -29.3050

    5.6904  -29.2940
    5.8860  -29.2940

    5.6904  -29.2680
    5.8860  -29.2680

    5.6904  -29.2510
    5.8860  -29.2510

    5.6904  -29.1910
    5.8860  -29.1910

    5.6904  -29.1730
    5.8860  -29.1730

    5.6904  -29.1680
    5.8860  -29.1680

    5.6904  -29.1680
    5.8860  -29.1680

    5.6904  -29.1500
    5.8860  -29.1500

    5.6904  -29.1460
    5.8860  -29.1460

    5.6904  -29.1240
    5.8860  -29.1240

    5.6904  -29.1050
    5.8860  -29.1050

    5.6904  -29.1040
    5.8860  -29.1040

    5.6904  -29.0880
    5.8860  -29.0880

    5.6904  -29.0880
    5.8860  -29.0880

    5.6904  -29.0670
    5.8860  -29.0670

    5.6904  -29.0080
    5.8860  -29.0080

    5.6904  -28.9920
    5.8860  -28.9920

    5.6904  -28.9590
    5.8860  -28.9590

    5.6904  -28.9420
    5.8860  -28.9420

    5.6904   -9.5520
    5.8860   -9.5520

    5.6904   -8.7180
    5.8860   -8.7180

    5.6904   -8.7090
    5.8860   -8.7090

    5.6904   -8.3620
    5.8860   -8.3620

    5.6904   -8.1980
    5.8860   -8.1980

    5.6904   -7.6230
    5.8860   -7.6230

    5.6904   -7.5920
    5.8860   -7.5920

    5.6904   -7.4480
    5.8860   -7.4480

    5.6904   -3.3150
    5.8860   -3.3150

    5.6904   -3.0450
    5.8860   -3.0450

    5.6904   -2.8920
    5.8860   -2.8920

    5.6904   -2.6940
    5.8860   -2.6940

    5.6904   -2.6650
    5.8860   -2.6650

    5.6904   -2.6430
    5.8860   -2.6430

    5.6904   -2.2790
    5.8860   -2.2790

    5.6904   -1.8320
    5.8860   -1.8320

    5.6904   -1.6370
    5.8860   -1.6370

    5.6904   -1.5240
    5.8860   -1.5240

    5.6904   -1.4890
    5.8860   -1.4890

    5.6904   -1.4420
    5.8860   -1.4420

    5.6904   -1.1840
    5.8860   -1.1840

    5.6904   -1.0780
    5.8860   -1.0780

    5.6904   -1.0260
    5.8860   -1.0260

    5.6904   -0.8600
    5.8860   -0.8600

    5.6904   -0.6110
    5.8860   -0.6110

    5.6904   -0.4620
    5.8860   -0.4620

    5.6904   -0.2930
    5.8860   -0.2930

    5.6904   -0.0790
    5.8860   -0.0790

    5.6904    0.2070
    5.8860    0.2070

    5.6904    0.5170
    5.8860    0.5170

    5.6904    0.5790
    5.8860    0.5790

    5.6904    0.7480
    5.8860    0.7480

    5.6904    0.9860
    5.8860    0.9860

    5.6904    1.0370
    5.8860    1.0370

    5.6904    1.2260
    5.8860    1.2260

    5.6904    1.2970
    5.8860    1.2970

    5.6904    1.3390
    5.8860    1.3390

    5.6904    1.6850
    5.8860    1.6850

    5.6904    1.7820
    5.8860    1.7820

    5.6904    1.8320
    5.8860    1.8320

    5.6904    1.8330
    5.8860    1.8330

    5.6904    1.8690
    5.8860    1.8690

    5.6904    2.2150
    5.8860    2.2150

    5.6904    2.3970
    5.8860    2.3970

    5.6904    2.9800
    5.8860    2.9800

    5.6904    3.0070
    5.8860    3.0070

    5.6904    3.0780
    5.8860    3.0780

    5.6904    3.1560
    5.8860    3.1560

    5.6904    3.2120
    5.8860    3.2120

    5.6904    3.2510
    5.8860    3.2510

    5.6904    3.3630
    5.8860    3.3630

    5.6904    3.7500
    5.8860    3.7500

    5.6904    3.8240
    5.8860    3.8240

    5.6904    4.1850
    5.8860    4.1850

