    6.3589  -52.9550
    7.2179  -52.9550

    6.3589  -52.9520
    7.2179  -52.9520

    6.3589  -52.9460
    7.2179  -52.9460

    6.3589  -52.9420
    7.2179  -52.9420

    6.3589  -29.3250
    7.2179  -29.3250

    6.3589  -29.3160
    7.2179  -29.3160

    6.3589  -29.3110
    7.2179  -29.3110

    6.3589  -29.3080
    7.2179  -29.3080

    6.3589  -29.2870
    7.2179  -29.2870

    6.3589  -29.2710
    7.2179  -29.2710

    6.3589  -29.2630
    7.2179  -29.2630

    6.3589  -29.2550
    7.2179  -29.2550

    6.3589  -29.2380
    7.2179  -29.2380

    6.3589  -29.2180
    7.2179  -29.2180

    6.3589  -29.1620
    7.2179  -29.1620

    6.3589  -29.1560
    7.2179  -29.1560

    6.3589  -29.1170
    7.2179  -29.1170

    6.3589  -29.1170
    7.2179  -29.1170

    6.3589  -29.1100
    7.2179  -29.1110

    6.3589  -29.0990
    7.2179  -29.0990

    6.3589  -29.0970
    7.2179  -29.0970

    6.3589  -29.0930
    7.2179  -29.0930

    6.3589  -29.0810
    7.2179  -29.0810

    6.3589  -29.0730
    7.2179  -29.0730

    6.3589  -29.0600
    7.2179  -29.0600

    6.3589  -29.0420
    7.2179  -29.0420

    6.3589  -28.9540
    7.2179  -28.9540

    6.3589  -28.9480
    7.2179  -28.9480

    6.3589   -9.3010
    7.2179   -9.3010

    6.3589   -9.0010
    7.2179   -9.0010

    6.3589   -8.5990
    7.2179   -8.5990

    6.3589   -8.4710
    7.2179   -8.4710

    6.3589   -8.0310
    7.2179   -8.0310

    6.3589   -7.8300
    7.2179   -7.8300

    6.3589   -7.5450
    7.2179   -7.5450

    6.3589   -7.4940
    7.2179   -7.4940

    6.3589   -2.9150
    7.2179   -2.9150

    6.3589   -2.8760
    7.2179   -2.8760

    6.3589   -2.7620
    7.2179   -2.7620

    6.3589   -2.6710
    7.2179   -2.6710

    6.3589   -2.6450
    7.2179   -2.6450

    6.3589   -2.5100
    7.2179   -2.5100

    6.3589   -2.0520
    7.2179   -2.0520

    6.3589   -1.7830
    7.2179   -1.7830

    6.3589   -1.7740
    7.2179   -1.7740

    6.3589   -1.6900
    7.2179   -1.6900

    6.3589   -1.4450
    7.2179   -1.4450

    6.3589   -1.4210
    7.2179   -1.4210

    6.3589   -1.2620
    7.2179   -1.2620

    6.3589   -1.1140
    7.2179   -1.1140

    6.3589   -1.1050
    7.2179   -1.1050

    6.3589   -1.0190
    7.2179   -1.0190

    6.3589   -0.9680
    7.2179   -0.9680

    6.3589   -0.8380
    7.2179   -0.8380

    6.3589   -0.2120
    7.2179   -0.2120

    6.3589   -0.1090
    7.2179   -0.1090

    6.3589    0.0200
    7.2179    0.0200

    6.3589    0.2230
    7.2179    0.2230

    6.3589    0.6230
    7.2179    0.6230

    6.3589    0.6960
    7.2179    0.6960

    6.3589    1.2070
    7.2179    1.2070

    6.3589    1.2090
    7.2179    1.2090

    6.3589    1.2930
    7.2179    1.2930

    6.3589    1.3550
    7.2179    1.3550

    6.3589    1.4410
    7.2179    1.4410

    6.3589    1.6200
    7.2179    1.6200

    6.3589    1.6550
    7.2179    1.6550

    6.3589    1.6800
    7.2179    1.6800

    6.3589    1.7240
    7.2179    1.7240

    6.3589    1.7330
    7.2179    1.7330

    6.3589    2.0720
    7.2179    2.0720

    6.3589    2.2030
    7.2179    2.2030

    6.3589    2.9990
    7.2179    2.9990

    6.3589    3.0850
    7.2179    3.0850

    6.3589    3.1230
    7.2179    3.1230

    6.3589    3.1520
    7.2179    3.1520

    6.3589    3.3060
    7.2179    3.3060

    6.3589    3.4310
    7.2179    3.4310

    6.3589    3.4450
    7.2179    3.4450

    6.3589    3.6250
    7.2179    3.6250

    6.3589    3.9630
    7.2179    3.9630

    6.3589    4.0370
    7.2179    4.0370

