    2.6374  -52.9610
    2.9146  -52.9570

    2.6374  -52.9500
    2.9146  -52.9540

    2.6374  -52.9470
    2.9146  -52.9440

    2.6374  -52.9370
    2.9146  -52.9400

    2.6374  -29.3610
    2.9146  -29.3530

    2.6374  -29.3470
    2.9146  -29.3430

    2.6374  -29.3340
    2.9146  -29.3180

    2.6374  -29.3240
    2.9146  -29.3140

    2.6374  -29.3090
    2.9146  -29.2930

    2.6374  -29.3010
    2.9146  -29.2670

    2.6374  -29.2690
    2.9146  -29.2640

    2.6374  -29.2510
    2.9146  -29.2540

    2.6374  -29.1950
    2.9146  -29.2430

    2.6374  -29.1730
    2.9146  -29.2140

    2.6374  -29.1690
    2.9146  -29.1270

    2.6374  -29.1410
    2.9146  -29.1220

    2.6374  -29.1330
    2.9146  -29.1220

    2.6374  -29.1290
    2.9146  -29.1210

    2.6374  -29.1160
    2.9146  -29.1150

    2.6374  -29.1110
    2.9146  -29.1050

    2.6374  -29.1080
    2.9146  -29.1000

    2.6374  -29.1050
    2.9146  -29.0980

    2.6374  -29.0910
    2.9146  -29.0940

    2.6374  -29.0890
    2.9146  -29.0920

    2.6374  -29.0120
    2.9146  -29.0640

    2.6374  -28.9880
    2.9146  -29.0380

    2.6374  -28.9280
    2.9146  -28.9230

    2.6374  -28.9120
    2.9146  -28.9170

    2.6374   -9.7050
    2.9146   -9.4330

    2.6374   -8.7790
    2.9146   -9.1040

    2.6374   -8.4710
    2.9146   -8.4000

    2.6374   -8.3250
    2.9146   -8.3290

    2.6374   -8.2730
    2.9146   -8.1360

    2.6374   -7.6730
    2.9146   -7.9090

    2.6374   -7.4570
    2.9146   -7.4420

    2.6374   -7.4270
    2.9146   -7.4320

    2.6374   -3.4650
    2.9146   -3.1710

    2.6374   -3.3750
    2.9146   -3.0870

    2.6374   -2.9080
    2.9146   -2.9580

    2.6374   -2.8830
    2.9146   -2.8610

    2.6374   -2.8060
    2.9146   -2.7680

    2.6374   -2.7550
    2.9146   -2.7560

    2.6374   -2.4280
    2.9146   -2.0960

    2.6374   -1.7380
    2.9146   -1.8290

    2.6374   -1.5770
    2.9146   -1.8040

    2.6374   -1.5750
    2.9146   -1.7030

    2.6374   -1.4960
    2.9146   -1.3600

    2.6374   -1.3480
    2.9146   -1.3500

    2.6374   -1.2850
    2.9146   -1.1640

    2.6374   -0.9420
    2.9146   -1.1300

    2.6374   -0.8210
    2.9146   -1.0650

    2.6374   -0.7180
    2.9146   -0.8990

    2.6374   -0.5310
    2.9146   -0.6140

    2.6374   -0.5070
    2.9146   -0.5460

    2.6374   -0.0380
    2.9146   -0.0570

    2.6374    0.0330
    2.9146    0.0990

    2.6374    0.4620
    2.9146    0.2400

    2.6374    0.5720
    2.9146    0.3740

    2.6374    0.6770
    2.9146    0.7210

    2.6374    0.7410
    2.9146    0.9220

    2.6374    0.9900
    2.9146    0.9980

    2.6374    1.1550
    2.9146    1.1520

    2.6374    1.2010
    2.9146    1.3930

    2.6374    1.2880
    2.9146    1.5600

    2.6374    1.5180
    2.9146    1.6080

    2.6374    1.5650
    2.9146    1.6260

    2.6374    1.8270
    2.9146    1.7090

    2.6374    1.8890
    2.9146    1.7950

    2.6374    1.9510
    2.9146    1.8390

    2.6374    2.1410
    2.9146    1.8400

    2.6374    2.2330
    2.9146    2.0910

    2.6374    2.5530
    2.9146    2.2930

    2.6374    2.7320
    2.9146    2.6620

    2.6374    2.7880
    2.9146    2.7350

    2.6374    2.8330
    2.9146    2.8850

    2.6374    3.2460
    2.9146    3.0780

    2.6374    3.3300
    2.9146    3.3450

    2.6374    3.3350
    2.9146    3.3520

    2.6374    3.4660
    2.9146    3.6420

    2.6374    3.7850
    2.9146    3.7690

    2.6374    3.8640
    2.9146    3.7710

    2.6374    4.0250
    2.9146    3.8360

