    3.1102  -52.9570
    3.9692  -52.9570

    3.1102  -52.9540
    3.9692  -52.9540

    3.1102  -52.9440
    3.9692  -52.9440

    3.1102  -52.9400
    3.9692  -52.9400

    3.1102  -29.3530
    3.9692  -29.3530

    3.1102  -29.3430
    3.9692  -29.3430

    3.1102  -29.3180
    3.9692  -29.3180

    3.1102  -29.3140
    3.9692  -29.3140

    3.1102  -29.2930
    3.9692  -29.2930

    3.1102  -29.2670
    3.9692  -29.2670

    3.1102  -29.2640
    3.9692  -29.2640

    3.1102  -29.2540
    3.9692  -29.2540

    3.1102  -29.2430
    3.9692  -29.2430

    3.1102  -29.2140
    3.9692  -29.2140

    3.1102  -29.1270
    3.9692  -29.1270

    3.1102  -29.1220
    3.9692  -29.1220

    3.1102  -29.1220
    3.9692  -29.1220

    3.1102  -29.1210
    3.9692  -29.1210

    3.1102  -29.1150
    3.9692  -29.1150

    3.1102  -29.1050
    3.9692  -29.1050

    3.1102  -29.1000
    3.9692  -29.1000

    3.1102  -29.0980
    3.9692  -29.0980

    3.1102  -29.0940
    3.9692  -29.0940

    3.1102  -29.0920
    3.9692  -29.0920

    3.1102  -29.0640
    3.9692  -29.0640

    3.1102  -29.0380
    3.9692  -29.0380

    3.1102  -28.9230
    3.9692  -28.9230

    3.1102  -28.9170
    3.9692  -28.9170

    3.1102   -9.4330
    3.9692   -9.4330

    3.1102   -9.1040
    3.9692   -9.1040

    3.1102   -8.4000
    3.9692   -8.4000

    3.1102   -8.3290
    3.9692   -8.3290

    3.1102   -8.1360
    3.9692   -8.1360

    3.1102   -7.9090
    3.9692   -7.9090

    3.1102   -7.4420
    3.9692   -7.4420

    3.1102   -7.4320
    3.9692   -7.4320

    3.1102   -3.1710
    3.9692   -3.1710

    3.1102   -3.0870
    3.9692   -3.0870

    3.1102   -2.9580
    3.9692   -2.9580

    3.1102   -2.8610
    3.9692   -2.8610

    3.1102   -2.7680
    3.9692   -2.7680

    3.1102   -2.7560
    3.9692   -2.7560

    3.1102   -2.0960
    3.9692   -2.0960

    3.1102   -1.8290
    3.9692   -1.8290

    3.1102   -1.8040
    3.9692   -1.8040

    3.1102   -1.7030
    3.9692   -1.7030

    3.1102   -1.3600
    3.9692   -1.3600

    3.1102   -1.3500
    3.9692   -1.3500

    3.1102   -1.1640
    3.9692   -1.1640

    3.1102   -1.1300
    3.9692   -1.1300

    3.1102   -1.0650
    3.9692   -1.0650

    3.1102   -0.8990
    3.9692   -0.8990

    3.1102   -0.6140
    3.9692   -0.6140

    3.1102   -0.5460
    3.9692   -0.5460

    3.1102   -0.0570
    3.9692   -0.0570

    3.1102    0.0990
    3.9692    0.0990

    3.1102    0.2400
    3.9692    0.2400

    3.1102    0.3740
    3.9692    0.3740

    3.1102    0.7210
    3.9692    0.7210

    3.1102    0.9220
    3.9692    0.9220

    3.1102    0.9980
    3.9692    0.9980

    3.1102    1.1520
    3.9692    1.1520

    3.1102    1.3930
    3.9692    1.3930

    3.1102    1.5600
    3.9692    1.5600

    3.1102    1.6080
    3.9692    1.6080

    3.1102    1.6260
    3.9692    1.6260

    3.1102    1.7090
    3.9692    1.7090

    3.1102    1.7950
    3.9692    1.7950

    3.1102    1.8390
    3.9692    1.8390

    3.1102    1.8400
    3.9692    1.8400

    3.1102    2.0910
    3.9692    2.0910

    3.1102    2.2930
    3.9692    2.2930

    3.1102    2.6620
    3.9692    2.6620

    3.1102    2.7350
    3.9692    2.7350

    3.1102    2.8850
    3.9692    2.8850

    3.1102    3.0780
    3.9692    3.0770

    3.1102    3.3450
    3.9692    3.3450

    3.1102    3.3520
    3.9692    3.3520

    3.1102    3.6420
    3.9692    3.6420

    3.1102    3.7690
    3.9692    3.7690

    3.1102    3.7710
    3.9692    3.7710

    3.1102    3.8360
    3.9692    3.8360

