    5.1106  -52.9630
    5.6904  -52.9590

    5.1106  -52.9490
    5.6904  -52.9490

    5.1106  -52.9480
    5.6904  -52.9480

    5.1106  -52.9340
    5.6904  -52.9390

    5.1106  -29.3790
    5.6904  -29.3410

    5.1106  -29.3670
    5.6904  -29.3330

    5.1106  -29.3400
    5.6904  -29.3170

    5.1106  -29.3280
    5.6904  -29.3170

    5.1106  -29.3280
    5.6904  -29.3050

    5.1106  -29.2970
    5.6904  -29.2940

    5.1106  -29.2730
    5.6904  -29.2680

    5.1106  -29.2480
    5.6904  -29.2510

    5.1106  -29.2080
    5.6904  -29.1910

    5.1106  -29.1740
    5.6904  -29.1730

    5.1106  -29.1610
    5.6904  -29.1680

    5.1106  -29.1370
    5.6904  -29.1680

    5.1106  -29.1360
    5.6904  -29.1500

    5.1106  -29.1330
    5.6904  -29.1460

    5.1106  -29.1160
    5.6904  -29.1240

    5.1106  -29.1120
    5.6904  -29.1050

    5.1106  -29.1090
    5.6904  -29.1040

    5.1106  -29.1040
    5.6904  -29.0880

    5.1106  -29.0870
    5.6904  -29.0880

    5.1106  -29.0850
    5.6904  -29.0670

    5.1106  -28.9750
    5.6904  -29.0080

    5.1106  -28.9540
    5.6904  -28.9920

    5.1106  -28.9310
    5.6904  -28.9590

    5.1106  -28.9080
    5.6904  -28.9420

    5.1106   -9.8830
    5.6904   -9.5520

    5.1106   -8.5360
    5.6904   -8.7180

    5.1106   -8.5250
    5.6904   -8.7090

    5.1106   -8.4480
    5.6904   -8.3620

    5.1106   -8.2390
    5.6904   -8.1980

    5.1106   -7.4760
    5.6904   -7.6230

    5.1106   -7.4700
    5.6904   -7.5920

    5.1106   -7.4270
    5.6904   -7.4480

    5.1106   -3.8310
    5.6904   -3.3150

    5.1106   -3.5280
    5.6904   -3.0450

    5.1106   -3.0610
    5.6904   -2.8920

    5.1106   -2.9710
    5.6904   -2.6940

    5.1106   -2.8310
    5.6904   -2.6650

    5.1106   -2.6230
    5.6904   -2.6430

    5.1106   -2.5890
    5.6904   -2.2790

    5.1106   -1.8130
    5.6904   -1.8320

    5.1106   -1.7330
    5.6904   -1.6370

    5.1106   -1.5570
    5.6904   -1.5240

    5.1106   -1.2900
    5.6904   -1.4890

    5.1106   -1.2050
    5.6904   -1.4420

    5.1106   -1.1940
    5.6904   -1.1840

    5.1106   -0.7560
    5.6904   -1.0780

    5.1106   -0.7130
    5.6904   -1.0260

    5.1106   -0.6360
    5.6904   -0.8600

    5.1106   -0.3840
    5.6904   -0.6110

    5.1106   -0.2580
    5.6904   -0.4620

    5.1106   -0.0790
    5.6904   -0.2930

    5.1106   -0.0610
    5.6904   -0.0790

    5.1106    0.2210
    5.6904    0.2070

    5.1106    0.4410
    5.6904    0.5170

    5.1106    0.9430
    5.6904    0.5790

    5.1106    1.0090
    5.6904    0.7480

    5.1106    1.0160
    5.6904    0.9860

    5.1106    1.0810
    5.6904    1.0370

    5.1106    1.1390
    5.6904    1.2260

    5.1106    1.2070
    5.6904    1.2970

    5.1106    1.5430
    5.6904    1.3390

    5.1106    1.5790
    5.6904    1.6850

    5.1106    1.8040
    5.6904    1.7820

    5.1106    1.9120
    5.6904    1.8320

    5.1106    2.0160
    5.6904    1.8330

    5.1106    2.5010
    5.6904    1.8690

    5.1106    2.5290
    5.6904    2.2150

    5.1106    2.6050
    5.6904    2.3970

    5.1106    2.7470
    5.6904    2.9800

    5.1106    2.7810
    5.6904    3.0070

    5.1106    2.8230
    5.6904    3.0780

    5.1106    3.1590
    5.6904    3.1560

    5.1106    3.2200
    5.6904    3.2120

    5.1106    3.3440
    5.6904    3.2510

    5.1106    3.4100
    5.6904    3.3630

    5.1106    3.5190
    5.6904    3.7500

    5.1106    3.9950
    5.6904    3.8240

    5.1106    4.1350
    5.6904    4.1850

