    7.6908  -52.9590
    7.8864  -52.9590

    7.6908  -52.9490
    7.8864  -52.9490

    7.6908  -52.9480
    7.8864  -52.9480

    7.6908  -52.9390
    7.8864  -52.9390

    7.6908  -29.3410
    7.8864  -29.3410

    7.6908  -29.3330
    7.8864  -29.3330

    7.6908  -29.3170
    7.8864  -29.3170

    7.6908  -29.3170
    7.8864  -29.3170

    7.6908  -29.3050
    7.8864  -29.3050

    7.6908  -29.2940
    7.8864  -29.2940

    7.6908  -29.2680
    7.8864  -29.2680

    7.6908  -29.2510
    7.8864  -29.2510

    7.6908  -29.1910
    7.8864  -29.1910

    7.6908  -29.1730
    7.8864  -29.1730

    7.6908  -29.1680
    7.8864  -29.1680

    7.6908  -29.1680
    7.8864  -29.1680

    7.6908  -29.1500
    7.8864  -29.1500

    7.6908  -29.1460
    7.8864  -29.1460

    7.6908  -29.1240
    7.8864  -29.1240

    7.6908  -29.1050
    7.8864  -29.1050

    7.6908  -29.1040
    7.8864  -29.1040

    7.6908  -29.0880
    7.8864  -29.0880

    7.6908  -29.0880
    7.8864  -29.0880

    7.6908  -29.0670
    7.8864  -29.0670

    7.6908  -29.0080
    7.8864  -29.0080

    7.6908  -28.9920
    7.8864  -28.9920

    7.6908  -28.9590
    7.8864  -28.9590

    7.6908  -28.9420
    7.8864  -28.9420

    7.6908   -9.5520
    7.8864   -9.5520

    7.6908   -8.7180
    7.8864   -8.7180

    7.6908   -8.7090
    7.8864   -8.7090

    7.6908   -8.3620
    7.8864   -8.3620

    7.6908   -8.1980
    7.8864   -8.1980

    7.6908   -7.6230
    7.8864   -7.6230

    7.6908   -7.5920
    7.8864   -7.5920

    7.6908   -7.4480
    7.8864   -7.4480

    7.6908   -3.3150
    7.8864   -3.3150

    7.6908   -3.0450
    7.8864   -3.0450

    7.6908   -2.8920
    7.8864   -2.8920

    7.6908   -2.6940
    7.8864   -2.6940

    7.6908   -2.6650
    7.8864   -2.6650

    7.6908   -2.6430
    7.8864   -2.6430

    7.6908   -2.2790
    7.8864   -2.2790

    7.6908   -1.8320
    7.8864   -1.8320

    7.6908   -1.6370
    7.8864   -1.6370

    7.6908   -1.5240
    7.8864   -1.5240

    7.6908   -1.4890
    7.8864   -1.4890

    7.6908   -1.4420
    7.8864   -1.4420

    7.6908   -1.1840
    7.8864   -1.1840

    7.6908   -1.0780
    7.8864   -1.0780

    7.6908   -1.0260
    7.8864   -1.0260

    7.6908   -0.8600
    7.8864   -0.8600

    7.6908   -0.6110
    7.8864   -0.6110

    7.6908   -0.4620
    7.8864   -0.4620

    7.6908   -0.2930
    7.8864   -0.2930

    7.6908   -0.0790
    7.8864   -0.0790

    7.6908    0.2070
    7.8864    0.2070

    7.6908    0.5170
    7.8864    0.5170

    7.6908    0.5790
    7.8864    0.5790

    7.6908    0.7480
    7.8864    0.7480

    7.6908    0.9860
    7.8864    0.9860

    7.6908    1.0370
    7.8864    1.0370

    7.6908    1.2260
    7.8864    1.2260

    7.6908    1.2970
    7.8864    1.2970

    7.6908    1.3390
    7.8864    1.3390

    7.6908    1.6850
    7.8864    1.6850

    7.6908    1.7820
    7.8864    1.7820

    7.6908    1.8320
    7.8864    1.8320

    7.6908    1.8330
    7.8864    1.8330

    7.6908    1.8690
    7.8864    1.8690

    7.6908    2.2150
    7.8864    2.2150

    7.6908    2.3970
    7.8864    2.3970

    7.6908    2.9800
    7.8864    2.9800

    7.6908    3.0070
    7.8864    3.0070

    7.6908    3.0780
    7.8864    3.0780

    7.6908    3.1560
    7.8864    3.1560

    7.6908    3.2120
    7.8864    3.2120

    7.6908    3.2510
    7.8864    3.2510

    7.6908    3.3630
    7.8864    3.3630

    7.6908    3.7500
    7.8864    3.7500

    7.6908    3.8240
    7.8864    3.8240

    7.6908    4.1850
    7.8864    4.1850

