   11.1950  -52.9620
   11.3906  -52.9620

   11.1950  -52.9520
   11.3906  -52.9520

   11.1950  -52.9450
   11.3906  -52.9450

   11.1950  -52.9360
   11.3906  -52.9360

   11.1950  -29.3850
   11.3906  -29.3850

   11.1950  -29.3570
   11.3906  -29.3570

   11.1950  -29.3410
   11.3906  -29.3410

   11.1950  -29.3230
   11.3906  -29.3230

   11.1950  -29.2990
   11.3906  -29.2990

   11.1950  -29.2890
   11.3906  -29.2890

   11.1950  -29.2730
   11.3906  -29.2730

   11.1950  -29.2460
   11.3906  -29.2460

   11.1950  -29.2150
   11.3906  -29.2150

   11.1950  -29.1910
   11.3906  -29.1910

   11.1950  -29.1730
   11.3906  -29.1730

   11.1950  -29.1450
   11.3906  -29.1450

   11.1950  -29.1450
   11.3906  -29.1450

   11.1950  -29.1300
   11.3906  -29.1300

   11.1950  -29.1290
   11.3906  -29.1290

   11.1950  -29.1100
   11.3906  -29.1100

   11.1950  -29.0980
   11.3906  -29.0980

   11.1950  -29.0940
   11.3906  -29.0940

   11.1950  -29.0830
   11.3906  -29.0830

   11.1950  -29.0600
   11.3906  -29.0600

   11.1950  -28.9650
   11.3906  -28.9650

   11.1950  -28.9590
   11.3906  -28.9590

   11.1950  -28.9450
   11.3906  -28.9450

   11.1950  -28.9370
   11.3906  -28.9370

   11.1950   -9.7750
   11.3906   -9.7750

   11.1950   -8.8320
   11.3906   -8.8320

   11.1950   -8.4140
   11.3906   -8.4140

   11.1950   -8.3470
   11.3906   -8.3470

   11.1950   -8.2650
   11.3906   -8.2650

   11.1950   -7.6370
   11.3906   -7.6370

   11.1950   -7.4050
   11.3906   -7.4050

   11.1950   -7.3850
   11.3906   -7.3850

   11.1950   -3.8030
   11.3906   -3.8030

   11.1950   -3.2560
   11.3906   -3.2560

   11.1950   -3.1100
   11.3906   -3.1100

   11.1950   -2.8490
   11.3906   -2.8490

   11.1950   -2.7750
   11.3906   -2.7750

   11.1950   -2.6690
   11.3906   -2.6690

   11.1950   -2.4870
   11.3906   -2.4870

   11.1950   -2.1670
   11.3906   -2.1670

   11.1950   -1.8040
   11.3906   -1.8040

   11.1950   -1.5270
   11.3906   -1.5270

   11.1950   -1.3500
   11.3906   -1.3500

   11.1950   -1.1280
   11.3906   -1.1280

   11.1950   -0.8700
   11.3906   -0.8700

   11.1950   -0.8200
   11.3906   -0.8200

   11.1950   -0.6550
   11.3906   -0.6550

   11.1950   -0.4590
   11.3906   -0.4590

   11.1950   -0.4460
   11.3906   -0.4460

   11.1950   -0.3900
   11.3906   -0.3900

   11.1950   -0.1500
   11.3906   -0.1500

   11.1950    0.0020
   11.3906    0.0020

   11.1950    0.2640
   11.3906    0.2640

   11.1950    0.3870
   11.3906    0.3870

   11.1950    0.7400
   11.3906    0.7400

   11.1950    0.9210
   11.3906    0.9210

   11.1950    1.0930
   11.3906    1.0930

   11.1950    1.1320
   11.3906    1.1320

   11.1950    1.1420
   11.3906    1.1420

   11.1950    1.4330
   11.3906    1.4330

   11.1950    1.5180
   11.3906    1.5180

   11.1950    1.5760
   11.3906    1.5760

   11.1950    1.9130
   11.3906    1.9130

   11.1950    1.9420
   11.3906    1.9420

   11.1950    1.9930
   11.3906    1.9930

   11.1950    2.2460
   11.3906    2.2460

   11.1950    2.2600
   11.3906    2.2600

   11.1950    2.5030
   11.3906    2.5030

   11.1950    2.5170
   11.3906    2.5170

   11.1950    2.6280
   11.3906    2.6280

   11.1950    3.0100
   11.3906    3.0100

   11.1950    3.1160
   11.3906    3.1160

   11.1950    3.2570
   11.3906    3.2570

   11.1950    3.2700
   11.3906    3.2700

   11.1950    3.3880
   11.3906    3.3880

   11.1950    3.3980
   11.3906    3.3980

   11.1950    4.0000
   11.3906    4.0000

   11.1950    4.1100
   11.3906    4.1100

