    7.4135  -52.9550
    7.6908  -52.9590

    7.4135  -52.9520
    7.6908  -52.9490

    7.4135  -52.9460
    7.6908  -52.9480

    7.4135  -52.9420
    7.6908  -52.9390

    7.4135  -29.3250
    7.6908  -29.3410

    7.4135  -29.3160
    7.6908  -29.3330

    7.4135  -29.3110
    7.6908  -29.3170

    7.4135  -29.3080
    7.6908  -29.3170

    7.4135  -29.2870
    7.6908  -29.3050

    7.4135  -29.2710
    7.6908  -29.2940

    7.4135  -29.2630
    7.6908  -29.2680

    7.4135  -29.2550
    7.6908  -29.2510

    7.4135  -29.2380
    7.6908  -29.1910

    7.4135  -29.2180
    7.6908  -29.1730

    7.4135  -29.1620
    7.6908  -29.1680

    7.4135  -29.1560
    7.6908  -29.1680

    7.4135  -29.1170
    7.6908  -29.1500

    7.4135  -29.1170
    7.6908  -29.1460

    7.4135  -29.1110
    7.6908  -29.1240

    7.4135  -29.0990
    7.6908  -29.1050

    7.4135  -29.0970
    7.6908  -29.1040

    7.4135  -29.0930
    7.6908  -29.0880

    7.4135  -29.0810
    7.6908  -29.0880

    7.4135  -29.0730
    7.6908  -29.0670

    7.4135  -29.0600
    7.6908  -29.0080

    7.4135  -29.0420
    7.6908  -28.9920

    7.4135  -28.9540
    7.6908  -28.9590

    7.4135  -28.9480
    7.6908  -28.9420

    7.4135   -9.3010
    7.6908   -9.5520

    7.4135   -9.0010
    7.6908   -8.7180

    7.4135   -8.5990
    7.6908   -8.7090

    7.4135   -8.4710
    7.6908   -8.3620

    7.4135   -8.0310
    7.6908   -8.1980

    7.4135   -7.8300
    7.6908   -7.6230

    7.4135   -7.5450
    7.6908   -7.5920

    7.4135   -7.4940
    7.6908   -7.4480

    7.4135   -2.9150
    7.6908   -3.3150

    7.4135   -2.8760
    7.6908   -3.0450

    7.4135   -2.7620
    7.6908   -2.8920

    7.4135   -2.6710
    7.6908   -2.6940

    7.4135   -2.6450
    7.6908   -2.6650

    7.4135   -2.5100
    7.6908   -2.6430

    7.4135   -2.0520
    7.6908   -2.2790

    7.4135   -1.7830
    7.6908   -1.8320

    7.4135   -1.7740
    7.6908   -1.6370

    7.4135   -1.6900
    7.6908   -1.5240

    7.4135   -1.4450
    7.6908   -1.4890

    7.4135   -1.4210
    7.6908   -1.4420

    7.4135   -1.2620
    7.6908   -1.1840

    7.4135   -1.1140
    7.6908   -1.0780

    7.4135   -1.1050
    7.6908   -1.0260

    7.4135   -1.0190
    7.6908   -0.8600

    7.4135   -0.9680
    7.6908   -0.6110

    7.4135   -0.8380
    7.6908   -0.4620

    7.4135   -0.2120
    7.6908   -0.2930

    7.4135   -0.1090
    7.6908   -0.0790

    7.4135    0.0200
    7.6908    0.2070

    7.4135    0.2230
    7.6908    0.5170

    7.4135    0.6230
    7.6908    0.5790

    7.4135    0.6960
    7.6908    0.7480

    7.4135    1.2070
    7.6908    0.9860

    7.4135    1.2090
    7.6908    1.0370

    7.4135    1.2930
    7.6908    1.2260

    7.4135    1.3550
    7.6908    1.2970

    7.4135    1.4410
    7.6908    1.3390

    7.4135    1.6200
    7.6908    1.6850

    7.4135    1.6550
    7.6908    1.7820

    7.4135    1.6800
    7.6908    1.8320

    7.4135    1.7240
    7.6908    1.8330

    7.4135    1.7330
    7.6908    1.8690

    7.4135    2.0720
    7.6908    2.2150

    7.4135    2.2030
    7.6908    2.3970

    7.4135    2.9990
    7.6908    2.9800

    7.4135    3.0850
    7.6908    3.0070

    7.4135    3.1230
    7.6908    3.0780

    7.4135    3.1520
    7.6908    3.1560

    7.4135    3.3060
    7.6908    3.2120

    7.4135    3.4310
    7.6908    3.2510

    7.4135    3.4450
    7.6908    3.3630

    7.4135    3.6250
    7.6908    3.7500

    7.4135    3.9630
    7.6908    3.8240

    7.4135    4.0370
    7.6908    4.1850

