   11.8635  -52.9590
   12.1448  -52.9610

   11.8635  -52.9550
   12.1448  -52.9510

   11.8635  -52.9420
   12.1448  -52.9460

   11.8635  -52.9390
   12.1448  -52.9360

   11.8635  -29.3760
   12.1448  -29.3730

   11.8635  -29.3660
   12.1448  -29.3460

   11.8635  -29.3150
   12.1448  -29.3390

   11.8635  -29.3140
   12.1448  -29.3210

   11.8635  -29.2810
   12.1448  -29.3010

   11.8635  -29.2780
   12.1448  -29.2910

   11.8635  -29.2610
   12.1448  -29.2720

   11.8635  -29.2320
   12.1448  -29.2470

   11.8635  -29.2200
   12.1448  -29.2030

   11.8635  -29.2070
   12.1448  -29.1790

   11.8635  -29.1990
   12.1448  -29.1720

   11.8635  -29.1900
   12.1448  -29.1570

   11.8635  -29.1400
   12.1448  -29.1470

   11.8635  -29.1340
   12.1448  -29.1410

   11.8635  -29.1210
   12.1448  -29.1280

   11.8635  -29.1140
   12.1448  -29.1080

   11.8635  -29.0920
   12.1448  -29.1000

   11.8635  -29.0860
   12.1448  -29.0920

   11.8635  -29.0560
   12.1448  -29.0840

   11.8635  -29.0230
   12.1448  -29.0620

   11.8635  -29.0100
   12.1448  -28.9720

   11.8635  -28.9790
   12.1448  -28.9630

   11.8635  -28.9540
   12.1448  -28.9570

   11.8635  -28.9490
   12.1448  -28.9380

   11.8635   -9.5110
   12.1448   -9.7170

   11.8635   -9.1800
   12.1448   -8.8020

   11.8635   -8.3670
   12.1448   -8.4930

   11.8635   -8.3150
   12.1448   -8.3090

   11.8635   -8.1300
   12.1448   -8.2900

   11.8635   -7.8760
   12.1448   -7.6250

   11.8635   -7.3850
   12.1448   -7.4540

   11.8635   -7.3790
   12.1448   -7.4160

   11.8635   -3.5540
   12.1448   -3.6640

   11.8635   -3.3030
   12.1448   -3.1960

   11.8635   -2.8580
   12.1448   -3.0540

   11.8635   -2.7240
   12.1448   -2.7940

   11.8635   -2.6560
   12.1448   -2.7400

   11.8635   -2.5280
   12.1448   -2.6740

   11.8635   -2.4790
   12.1448   -2.4340

   11.8635   -2.2220
   12.1448   -2.0800

   11.8635   -2.0400
   12.1448   -1.7640

   11.8635   -1.9710
   12.1448   -1.5050

   11.8635   -1.0850
   12.1448   -1.3570

   11.8635   -0.8470
   12.1448   -1.1510

   11.8635   -0.8430
   12.1448   -1.0870

   11.8635   -0.8330
   12.1448   -0.8890

   11.8635   -0.7150
   12.1448   -0.7110

   11.8635   -0.6620
   12.1448   -0.6890

   11.8635   -0.5650
   12.1448   -0.4710

   11.8635   -0.5650
   12.1448   -0.3650

   11.8635   -0.0170
   12.1448   -0.1510

   11.8635    0.1910
   12.1448   -0.1320

   11.8635    0.3070
   12.1448    0.4020

   11.8635    0.5240
   12.1448    0.5280

   11.8635    0.6320
   12.1448    0.8020

   11.8635    0.6990
   12.1448    0.8400

   11.8635    0.8540
   12.1448    0.8570

   11.8635    0.9550
   12.1448    0.9910

   11.8635    1.3570
   12.1448    1.1690

   11.8635    1.5230
   12.1448    1.2450

   11.8635    1.6080
   12.1448    1.5240

   11.8635    1.7660
   12.1448    1.6750

   11.8635    1.8160
   12.1448    1.8220

   11.8635    1.9020
   12.1448    1.8810

   11.8635    1.9640
   12.1448    1.9220

   11.8635    2.1930
   12.1448    2.1390

   11.8635    2.2600
   12.1448    2.3790

   11.8635    2.2760
   12.1448    2.5600

   11.8635    2.3040
   12.1448    2.7000

   11.8635    2.6180
   12.1448    2.7280

   11.8635    2.6780
   12.1448    2.9530

   11.8635    2.9310
   12.1448    3.1910

   11.8635    3.2010
   12.1448    3.2250

   11.8635    3.2450
   12.1448    3.2480

   11.8635    3.5950
   12.1448    3.3540

   11.8635    3.7380
   12.1448    3.4230

   11.8635    3.8170
   12.1448    3.9600

   11.8635    3.8580
   12.1448    4.2920

