    2.1645  -52.9630
    2.4417  -52.9610

    2.1645  -52.9490
    2.4417  -52.9500

    2.1645  -52.9480
    2.4417  -52.9470

    2.1645  -52.9340
    2.4417  -52.9370

    2.1645  -29.3790
    2.4417  -29.3610

    2.1645  -29.3670
    2.4417  -29.3470

    2.1645  -29.3400
    2.4417  -29.3340

    2.1645  -29.3280
    2.4417  -29.3240

    2.1645  -29.3280
    2.4417  -29.3090

    2.1645  -29.2970
    2.4417  -29.3010

    2.1645  -29.2730
    2.4417  -29.2690

    2.1645  -29.2480
    2.4417  -29.2510

    2.1645  -29.2080
    2.4417  -29.1950

    2.1645  -29.1740
    2.4417  -29.1730

    2.1645  -29.1610
    2.4417  -29.1690

    2.1645  -29.1370
    2.4417  -29.1410

    2.1645  -29.1360
    2.4417  -29.1330

    2.1645  -29.1340
    2.4417  -29.1290

    2.1645  -29.1160
    2.4417  -29.1160

    2.1645  -29.1120
    2.4417  -29.1110

    2.1645  -29.1090
    2.4417  -29.1080

    2.1645  -29.1040
    2.4417  -29.1050

    2.1645  -29.0870
    2.4417  -29.0910

    2.1645  -29.0850
    2.4417  -29.0890

    2.1645  -28.9750
    2.4417  -29.0120

    2.1645  -28.9540
    2.4417  -28.9880

    2.1645  -28.9310
    2.4417  -28.9280

    2.1645  -28.9080
    2.4417  -28.9120

    2.1645   -9.8830
    2.4417   -9.7050

    2.1645   -8.5360
    2.4417   -8.7790

    2.1645   -8.5250
    2.4417   -8.4710

    2.1645   -8.4480
    2.4417   -8.3250

    2.1645   -8.2390
    2.4417   -8.2730

    2.1645   -7.4760
    2.4417   -7.6730

    2.1645   -7.4700
    2.4417   -7.4570

    2.1645   -7.4270
    2.4417   -7.4270

    2.1645   -3.8310
    2.4417   -3.4650

    2.1645   -3.5280
    2.4417   -3.3750

    2.1645   -3.0610
    2.4417   -2.9080

    2.1645   -2.9710
    2.4417   -2.8830

    2.1645   -2.8310
    2.4417   -2.8060

    2.1645   -2.6230
    2.4417   -2.7550

    2.1645   -2.5890
    2.4417   -2.4280

    2.1645   -1.8130
    2.4417   -1.7380

    2.1645   -1.7330
    2.4417   -1.5770

    2.1645   -1.5570
    2.4417   -1.5750

    2.1645   -1.2900
    2.4417   -1.4960

    2.1645   -1.2050
    2.4417   -1.3480

    2.1645   -1.1940
    2.4417   -1.2850

    2.1645   -0.7560
    2.4417   -0.9420

    2.1645   -0.7130
    2.4417   -0.8210

    2.1645   -0.6360
    2.4417   -0.7180

    2.1645   -0.3840
    2.4417   -0.5310

    2.1645   -0.2580
    2.4417   -0.5070

    2.1645   -0.0790
    2.4417   -0.0380

    2.1645   -0.0610
    2.4417    0.0330

    2.1645    0.2210
    2.4417    0.4620

    2.1645    0.4410
    2.4417    0.5720

    2.1645    0.9430
    2.4417    0.6770

    2.1645    1.0090
    2.4417    0.7410

    2.1645    1.0160
    2.4417    0.9900

    2.1645    1.0810
    2.4417    1.1550

    2.1645    1.1390
    2.4417    1.2010

    2.1645    1.2070
    2.4417    1.2880

    2.1645    1.5430
    2.4417    1.5180

    2.1645    1.5790
    2.4417    1.5650

    2.1645    1.8040
    2.4417    1.8270

    2.1645    1.9120
    2.4417    1.8890

    2.1645    2.0160
    2.4417    1.9510

    2.1645    2.5010
    2.4417    2.1410

    2.1645    2.5290
    2.4417    2.2330

    2.1645    2.6050
    2.4417    2.5530

    2.1645    2.7470
    2.4417    2.7320

    2.1645    2.7810
    2.4417    2.7880

    2.1645    2.8230
    2.4417    2.8330

    2.1645    3.1590
    2.4417    3.2460

    2.1645    3.2200
    2.4417    3.3300

    2.1645    3.3440
    2.4417    3.3350

    2.1645    3.4100
    2.4417    3.4660

    2.1645    3.5190
    2.4417    3.7850

    2.1645    3.9950
    2.4417    3.8640

    2.1645    4.1350
    2.4417    4.0160

