    4.6377  -52.9610
    4.9150  -52.9630

    4.6377  -52.9500
    4.9150  -52.9490

    4.6377  -52.9470
    4.9150  -52.9480

    4.6377  -52.9370
    4.9150  -52.9340

    4.6377  -29.3610
    4.9150  -29.3790

    4.6377  -29.3470
    4.9150  -29.3670

    4.6377  -29.3340
    4.9150  -29.3400

    4.6377  -29.3240
    4.9150  -29.3280

    4.6377  -29.3090
    4.9150  -29.3280

    4.6377  -29.3010
    4.9150  -29.2970

    4.6377  -29.2690
    4.9150  -29.2730

    4.6377  -29.2510
    4.9150  -29.2480

    4.6377  -29.1950
    4.9150  -29.2080

    4.6377  -29.1730
    4.9150  -29.1740

    4.6377  -29.1690
    4.9150  -29.1610

    4.6377  -29.1410
    4.9150  -29.1370

    4.6377  -29.1330
    4.9150  -29.1360

    4.6377  -29.1290
    4.9150  -29.1330

    4.6377  -29.1160
    4.9150  -29.1160

    4.6377  -29.1110
    4.9150  -29.1120

    4.6377  -29.1080
    4.9150  -29.1090

    4.6377  -29.1050
    4.9150  -29.1040

    4.6377  -29.0910
    4.9150  -29.0870

    4.6377  -29.0890
    4.9150  -29.0850

    4.6377  -29.0120
    4.9150  -28.9750

    4.6377  -28.9880
    4.9150  -28.9540

    4.6377  -28.9280
    4.9150  -28.9310

    4.6377  -28.9120
    4.9150  -28.9080

    4.6377   -9.7050
    4.9150   -9.8830

    4.6377   -8.7790
    4.9150   -8.5360

    4.6377   -8.4710
    4.9150   -8.5250

    4.6377   -8.3250
    4.9150   -8.4480

    4.6377   -8.2730
    4.9150   -8.2390

    4.6377   -7.6730
    4.9150   -7.4760

    4.6377   -7.4570
    4.9150   -7.4700

    4.6377   -7.4270
    4.9150   -7.4270

    4.6377   -3.4650
    4.9150   -3.8310

    4.6377   -3.3750
    4.9150   -3.5280

    4.6377   -2.9080
    4.9150   -3.0610

    4.6377   -2.8830
    4.9150   -2.9710

    4.6377   -2.8060
    4.9150   -2.8310

    4.6377   -2.7550
    4.9150   -2.6230

    4.6377   -2.4280
    4.9150   -2.5890

    4.6377   -1.7380
    4.9150   -1.8130

    4.6377   -1.5770
    4.9150   -1.7330

    4.6377   -1.5750
    4.9150   -1.5570

    4.6377   -1.4960
    4.9150   -1.2900

    4.6377   -1.3480
    4.9150   -1.2050

    4.6377   -1.2850
    4.9150   -1.1940

    4.6377   -0.9420
    4.9150   -0.7560

    4.6377   -0.8210
    4.9150   -0.7130

    4.6377   -0.7180
    4.9150   -0.6360

    4.6377   -0.5310
    4.9150   -0.3840

    4.6377   -0.5070
    4.9150   -0.2580

    4.6377   -0.0380
    4.9150   -0.0790

    4.6377    0.0330
    4.9150   -0.0610

    4.6377    0.4620
    4.9150    0.2210

    4.6377    0.5720
    4.9150    0.4410

    4.6377    0.6770
    4.9150    0.9430

    4.6377    0.7410
    4.9150    1.0090

    4.6377    0.9900
    4.9150    1.0160

    4.6377    1.1550
    4.9150    1.0810

    4.6377    1.2010
    4.9150    1.1390

    4.6377    1.2880
    4.9150    1.2070

    4.6377    1.5180
    4.9150    1.5430

    4.6377    1.5650
    4.9150    1.5790

    4.6377    1.8270
    4.9150    1.8040

    4.6377    1.8890
    4.9150    1.9120

    4.6377    1.9510
    4.9150    2.0160

    4.6377    2.1410
    4.9150    2.5010

    4.6377    2.2330
    4.9150    2.5290

    4.6377    2.5530
    4.9150    2.6050

    4.6377    2.7320
    4.9150    2.7470

    4.6377    2.7880
    4.9150    2.7810

    4.6377    2.8330
    4.9150    2.8230

    4.6377    3.2460
    4.9150    3.1590

    4.6377    3.3300
    4.9150    3.2200

    4.6377    3.3350
    4.9150    3.3440

    4.6377    3.4660
    4.9150    3.4100

    4.6377    3.7850
    4.9150    3.5190

    4.6377    3.8640
    4.9150    3.9950

    4.6377    4.0160
    4.9150    4.1350

