    8.9368  -52.9520
    9.7958  -52.9520

    8.9368  -52.9490
    9.7958  -52.9490

    8.9368  -52.9490
    9.7958  -52.9490

    8.9368  -52.9450
    9.7958  -52.9450

    8.9368  -29.3020
    9.7958  -29.3020

    8.9368  -29.3010
    9.7958  -29.3010

    8.9368  -29.2990
    9.7958  -29.2990

    8.9368  -29.2960
    9.7958  -29.2960

    8.9368  -29.2800
    9.7958  -29.2800

    8.9368  -29.2730
    9.7958  -29.2730

    8.9368  -29.2500
    9.7958  -29.2500

    8.9368  -29.2430
    9.7958  -29.2430

    8.9368  -29.2320
    9.7958  -29.2320

    8.9368  -29.2250
    9.7958  -29.2250

    8.9368  -29.2080
    9.7958  -29.2080

    8.9368  -29.2010
    9.7958  -29.2010

    8.9368  -29.1110
    9.7958  -29.1110

    8.9368  -29.1090
    9.7958  -29.1090

    8.9368  -29.1050
    9.7958  -29.1050

    8.9368  -29.1030
    9.7958  -29.1030

    8.9368  -29.1020
    9.7958  -29.1020

    8.9368  -29.0970
    9.7958  -29.0970

    8.9368  -29.0540
    9.7958  -29.0540

    8.9368  -29.0500
    9.7958  -29.0500

    8.9368  -29.0410
    9.7958  -29.0410

    8.9368  -29.0360
    9.7958  -29.0360

    8.9368  -28.9970
    9.7958  -28.9970

    8.9368  -28.9910
    9.7958  -28.9910

    8.9368   -9.0980
    9.7958   -9.0980

    8.9368   -8.8500
    9.7958   -8.8500

    8.9368   -8.8440
    9.7958   -8.8440

    8.9368   -8.6570
    9.7958   -8.6570

    8.9368   -7.8760
    9.7958   -7.8760

    8.9368   -7.7170
    9.7958   -7.7170

    8.9368   -7.7010
    9.7958   -7.7010

    8.9368   -7.5960
    9.7958   -7.5960

    8.9368   -2.7020
    9.7958   -2.7020

    8.9368   -2.6070
    9.7958   -2.6070

    8.9368   -2.4360
    9.7958   -2.4360

    8.9368   -2.4040
    9.7958   -2.4040

    8.9368   -2.4010
    9.7958   -2.4010

    8.9368   -2.2260
    9.7958   -2.2260

    8.9368   -2.1210
    9.7958   -2.1210

    8.9368   -1.9650
    9.7958   -1.9650

    8.9368   -1.9350
    9.7958   -1.9350

    8.9368   -1.7820
    9.7958   -1.7820

    8.9368   -1.7000
    9.7958   -1.7000

    8.9368   -1.6950
    9.7958   -1.6950

    8.9368   -1.2190
    9.7958   -1.2190

    8.9368   -1.1720
    9.7958   -1.1720

    8.9368   -1.1170
    9.7958   -1.1170

    8.9368   -1.0240
    9.7958   -1.0240

    8.9368   -0.9000
    9.7958   -0.9000

    8.9368   -0.7620
    9.7958   -0.7620

    8.9368   -0.6660
    9.7958   -0.6660

    8.9368   -0.5880
    9.7958   -0.5880

    8.9368    0.1760
    9.7958    0.1760

    8.9368    0.2970
    9.7958    0.2970

    8.9368    0.4120
    9.7958    0.4120

    8.9368    0.4480
    9.7958    0.4480

    8.9368    1.0820
    9.7958    1.0820

    8.9368    1.0930
    9.7958    1.0930

    8.9368    1.2250
    9.7958    1.2250

    8.9368    1.3170
    9.7958    1.3170

    8.9368    1.5060
    9.7958    1.5060

    8.9368    1.6140
    9.7958    1.6140

    8.9368    1.6280
    9.7958    1.6280

    8.9368    1.6770
    9.7958    1.6770

    8.9368    1.8050
    9.7958    1.8050

    8.9368    1.8120
    9.7958    1.8120

    8.9368    1.9400
    9.7958    1.9400

    8.9368    2.0140
    9.7958    2.0140

    8.9368    3.1420
    9.7958    3.1420

    8.9368    3.1700
    9.7958    3.1700

    8.9368    3.2150
    9.7958    3.2150

    8.9368    3.2560
    9.7958    3.2560

    8.9368    3.3620
    9.7958    3.3620

    8.9368    3.4760
    9.7958    3.4760

    8.9368    3.4820
    9.7958    3.4820

    8.9368    3.6910
    9.7958    3.6910

    8.9368    3.9460
    9.7958    3.9460

    8.9368    4.1550
    9.7958    4.1550

