   12.6176  -52.9580
   12.8133  -52.9580

   12.6176  -52.9550
   12.8133  -52.9550

   12.6176  -52.9430
   12.8133  -52.9430

   12.6176  -52.9390
   12.8133  -52.9390

   12.6176  -29.3650
   12.8133  -29.3650

   12.6176  -29.3550
   12.8133  -29.3550

   12.6176  -29.3130
   12.8133  -29.3130

   12.6176  -29.3130
   12.8133  -29.3130

   12.6176  -29.2820
   12.8133  -29.2820

   12.6176  -29.2790
   12.8133  -29.2790

   12.6176  -29.2590
   12.8133  -29.2590

   12.6176  -29.2330
   12.8133  -29.2330

   12.6176  -29.2180
   12.8133  -29.2180

   12.6176  -29.1950
   12.8133  -29.1950

   12.6176  -29.1910
   12.8133  -29.1910

   12.6176  -29.1870
   12.8133  -29.1870

   12.6176  -29.1520
   12.8133  -29.1520

   12.6176  -29.1460
   12.8133  -29.1460

   12.6176  -29.1190
   12.8133  -29.1190

   12.6176  -29.1120
   12.8133  -29.1120

   12.6176  -29.0930
   12.8133  -29.0930

   12.6176  -29.0870
   12.8133  -29.0870

   12.6176  -29.0550
   12.8133  -29.0550

   12.6176  -29.0250
   12.8133  -29.0250

   12.6176  -29.0080
   12.8133  -29.0080

   12.6176  -28.9800
   12.8133  -28.9800

   12.6176  -28.9670
   12.8133  -28.9670

   12.6176  -28.9620
   12.8133  -28.9620

   12.6176   -9.4600
   12.8133   -9.4600

   12.6176   -9.1390
   12.8133   -9.1390

   12.6176   -8.4300
   12.8133   -8.4300

   12.6176   -8.3580
   12.8133   -8.3580

   12.6176   -8.0990
   12.8133   -8.0990

   12.6176   -7.8540
   12.8133   -7.8540

   12.6176   -7.4290
   12.8133   -7.4290

   12.6176   -7.4150
   12.8133   -7.4150

   12.6176   -3.4370
   12.8133   -3.4370

   12.6176   -3.2150
   12.8133   -3.2150

   12.6176   -2.7800
   12.8133   -2.7800

   12.6176   -2.6600
   12.8133   -2.6600

   12.6176   -2.6230
   12.8133   -2.6230

   12.6176   -2.4930
   12.8133   -2.4930

   12.6176   -2.4300
   12.8133   -2.4300

   12.6176   -2.1400
   12.8133   -2.1400

   12.6176   -2.0110
   12.8133   -2.0110

   12.6176   -1.9080
   12.8133   -1.9080

   12.6176   -1.1030
   12.8133   -1.1030

   12.6176   -0.9820
   12.8133   -0.9820

   12.6176   -0.8880
   12.8133   -0.8880

   12.6176   -0.8730
   12.8133   -0.8730

   12.6176   -0.8690
   12.8133   -0.8690

   12.6176   -0.8520
   12.8133   -0.8520

   12.6176   -0.6480
   12.8133   -0.6480

   12.6176   -0.6110
   12.8133   -0.6110

   12.6176    0.0100
   12.8133    0.0100

   12.6176    0.0430
   12.8133    0.0430

   12.6176    0.3570
   12.8133    0.3570

   12.6176    0.4060
   12.8133    0.4060

   12.6176    0.6890
   12.8133    0.6890

   12.6176    0.7060
   12.8133    0.7060

   12.6176    0.7390
   12.8133    0.7390

   12.6176    0.8030
   12.8133    0.8030

   12.6176    1.4090
   12.8133    1.4090

   12.6176    1.4380
   12.8133    1.4380

   12.6176    1.6290
   12.8133    1.6290

   12.6176    1.6840
   12.8133    1.6840

   12.6176    1.7480
   12.8133    1.7480

   12.6176    1.7720
   12.8133    1.7720

   12.6176    1.9600
   12.8133    1.9600

   12.6176    2.0400
   12.8133    2.0400

   12.6176    2.1920
   12.8133    2.1920

   12.6176    2.2770
   12.8133    2.2770

   12.6176    2.7460
   12.8133    2.7460

   12.6176    2.7630
   12.8133    2.7630

   12.6176    2.8830
   12.8133    2.8830

   12.6176    2.9390
   12.8133    2.9390

   12.6176    3.1600
   12.8133    3.1600

   12.6176    3.1790
   12.8133    3.1790

   12.6176    3.5530
   12.8133    3.5530

   12.6176    3.7750
   12.8133    3.7750

   12.6176    3.7780
   12.8133    3.7780

   12.6176    4.0330
   12.8133    4.0240

