   11.6679  -52.9590
   11.8635  -52.9590

   11.6679  -52.9550
   11.8635  -52.9550

   11.6679  -52.9420
   11.8635  -52.9420

   11.6679  -52.9390
   11.8635  -52.9390

   11.6679  -29.3760
   11.8635  -29.3760

   11.6679  -29.3660
   11.8635  -29.3660

   11.6679  -29.3150
   11.8635  -29.3150

   11.6679  -29.3140
   11.8635  -29.3140

   11.6679  -29.2810
   11.8635  -29.2810

   11.6679  -29.2780
   11.8635  -29.2780

   11.6679  -29.2610
   11.8635  -29.2610

   11.6679  -29.2320
   11.8635  -29.2320

   11.6679  -29.2200
   11.8635  -29.2200

   11.6679  -29.2070
   11.8635  -29.2070

   11.6679  -29.1990
   11.8635  -29.1990

   11.6679  -29.1900
   11.8635  -29.1900

   11.6679  -29.1400
   11.8635  -29.1400

   11.6679  -29.1340
   11.8635  -29.1340

   11.6679  -29.1210
   11.8635  -29.1210

   11.6679  -29.1140
   11.8635  -29.1140

   11.6679  -29.0920
   11.8635  -29.0920

   11.6679  -29.0860
   11.8635  -29.0860

   11.6679  -29.0560
   11.8635  -29.0560

   11.6679  -29.0230
   11.8635  -29.0230

   11.6679  -29.0100
   11.8635  -29.0100

   11.6679  -28.9790
   11.8635  -28.9790

   11.6679  -28.9540
   11.8635  -28.9540

   11.6679  -28.9490
   11.8635  -28.9490

   11.6679   -9.5110
   11.8635   -9.5110

   11.6679   -9.1800
   11.8635   -9.1800

   11.6679   -8.3670
   11.8635   -8.3670

   11.6679   -8.3150
   11.8635   -8.3150

   11.6679   -8.1300
   11.8635   -8.1300

   11.6679   -7.8760
   11.8635   -7.8760

   11.6679   -7.3850
   11.8635   -7.3850

   11.6679   -7.3790
   11.8635   -7.3790

   11.6679   -3.5540
   11.8635   -3.5540

   11.6679   -3.3030
   11.8635   -3.3030

   11.6679   -2.8580
   11.8635   -2.8580

   11.6679   -2.7240
   11.8635   -2.7240

   11.6679   -2.6560
   11.8635   -2.6560

   11.6679   -2.5280
   11.8635   -2.5280

   11.6679   -2.4790
   11.8635   -2.4790

   11.6679   -2.2220
   11.8635   -2.2220

   11.6679   -2.0400
   11.8635   -2.0400

   11.6679   -1.9710
   11.8635   -1.9710

   11.6679   -1.0850
   11.8635   -1.0850

   11.6679   -0.8470
   11.8635   -0.8470

   11.6679   -0.8430
   11.8635   -0.8430

   11.6679   -0.8330
   11.8635   -0.8330

   11.6679   -0.7150
   11.8635   -0.7150

   11.6679   -0.6620
   11.8635   -0.6620

   11.6679   -0.5650
   11.8635   -0.5650

   11.6679   -0.5650
   11.8635   -0.5650

   11.6679   -0.0170
   11.8635   -0.0170

   11.6679    0.1910
   11.8635    0.1910

   11.6679    0.3070
   11.8635    0.3070

   11.6679    0.5240
   11.8635    0.5240

   11.6679    0.6320
   11.8635    0.6320

   11.6679    0.6990
   11.8635    0.6990

   11.6679    0.8540
   11.8635    0.8540

   11.6679    0.9550
   11.8635    0.9550

   11.6679    1.3570
   11.8635    1.3570

   11.6679    1.5230
   11.8635    1.5230

   11.6679    1.6080
   11.8635    1.6080

   11.6679    1.7660
   11.8635    1.7660

   11.6679    1.8160
   11.8635    1.8160

   11.6679    1.9020
   11.8635    1.9020

   11.6679    1.9640
   11.8635    1.9640

   11.6679    2.1930
   11.8635    2.1930

   11.6679    2.2600
   11.8635    2.2600

   11.6679    2.2760
   11.8635    2.2760

   11.6679    2.3040
   11.8635    2.3040

   11.6679    2.6180
   11.8635    2.6180

   11.6679    2.6780
   11.8635    2.6780

   11.6679    2.9310
   11.8635    2.9310

   11.6679    3.2010
   11.8635    3.2010

   11.6679    3.2450
   11.8635    3.2450

   11.6679    3.5950
   11.8635    3.5950

   11.6679    3.7370
   11.8635    3.7380

   11.6679    3.8170
   11.8635    3.8170

   11.6679    3.8580
   11.8635    3.8580

