   12.1448  -52.9610
   12.3404  -52.9610

   12.1448  -52.9510
   12.3404  -52.9510

   12.1448  -52.9460
   12.3404  -52.9460

   12.1448  -52.9360
   12.3404  -52.9360

   12.1448  -29.3730
   12.3404  -29.3730

   12.1448  -29.3460
   12.3404  -29.3460

   12.1448  -29.3390
   12.3404  -29.3390

   12.1448  -29.3210
   12.3404  -29.3210

   12.1448  -29.3010
   12.3404  -29.3010

   12.1448  -29.2910
   12.3404  -29.2910

   12.1448  -29.2720
   12.3404  -29.2720

   12.1448  -29.2470
   12.3404  -29.2470

   12.1448  -29.2030
   12.3404  -29.2030

   12.1448  -29.1790
   12.3404  -29.1790

   12.1448  -29.1720
   12.3404  -29.1720

   12.1448  -29.1570
   12.3404  -29.1570

   12.1448  -29.1470
   12.3404  -29.1470

   12.1448  -29.1410
   12.3404  -29.1410

   12.1448  -29.1280
   12.3404  -29.1280

   12.1448  -29.1080
   12.3404  -29.1080

   12.1448  -29.1000
   12.3404  -29.1000

   12.1448  -29.0920
   12.3404  -29.0920

   12.1448  -29.0840
   12.3404  -29.0840

   12.1448  -29.0620
   12.3404  -29.0620

   12.1448  -28.9720
   12.3404  -28.9720

   12.1448  -28.9630
   12.3404  -28.9630

   12.1448  -28.9570
   12.3404  -28.9570

   12.1448  -28.9380
   12.3404  -28.9380

   12.1448   -9.7170
   12.3404   -9.7170

   12.1448   -8.8020
   12.3404   -8.8020

   12.1448   -8.4930
   12.3404   -8.4930

   12.1448   -8.3090
   12.3404   -8.3090

   12.1448   -8.2900
   12.3404   -8.2900

   12.1448   -7.6250
   12.3404   -7.6250

   12.1448   -7.4540
   12.3404   -7.4540

   12.1448   -7.4160
   12.3404   -7.4160

   12.1448   -3.6640
   12.3404   -3.6640

   12.1448   -3.1960
   12.3404   -3.1960

   12.1448   -3.0540
   12.3404   -3.0540

   12.1448   -2.7940
   12.3404   -2.7940

   12.1448   -2.7400
   12.3404   -2.7400

   12.1448   -2.6740
   12.3404   -2.6740

   12.1448   -2.4340
   12.3404   -2.4340

   12.1448   -2.0800
   12.3404   -2.0800

   12.1448   -1.7640
   12.3404   -1.7640

   12.1448   -1.5050
   12.3404   -1.5050

   12.1448   -1.3570
   12.3404   -1.3570

   12.1448   -1.1510
   12.3404   -1.1510

   12.1448   -1.0870
   12.3404   -1.0870

   12.1448   -0.8890
   12.3404   -0.8890

   12.1448   -0.7110
   12.3404   -0.7110

   12.1448   -0.6890
   12.3404   -0.6890

   12.1448   -0.4710
   12.3404   -0.4710

   12.1448   -0.3650
   12.3404   -0.3650

   12.1448   -0.1510
   12.3404   -0.1510

   12.1448   -0.1320
   12.3404   -0.1320

   12.1448    0.4020
   12.3404    0.4020

   12.1448    0.5280
   12.3404    0.5280

   12.1448    0.8020
   12.3404    0.8020

   12.1448    0.8400
   12.3404    0.8400

   12.1448    0.8570
   12.3404    0.8570

   12.1448    0.9910
   12.3404    0.9910

   12.1448    1.1690
   12.3404    1.1690

   12.1448    1.2450
   12.3404    1.2450

   12.1448    1.5240
   12.3404    1.5240

   12.1448    1.6750
   12.3404    1.6750

   12.1448    1.8220
   12.3404    1.8220

   12.1448    1.8810
   12.3404    1.8810

   12.1448    1.9220
   12.3404    1.9220

   12.1448    2.1390
   12.3404    2.1390

   12.1448    2.3790
   12.3404    2.3790

   12.1448    2.5600
   12.3404    2.5600

   12.1448    2.7000
   12.3404    2.7000

   12.1448    2.7280
   12.3404    2.7280

   12.1448    2.9530
   12.3404    2.9530

   12.1448    3.1910
   12.3404    3.1910

   12.1448    3.2250
   12.3404    3.2250

   12.1448    3.2480
   12.3404    3.2480

   12.1448    3.3540
   12.3404    3.3540

   12.1448    3.4230
   12.3404    3.4230

   12.1448    3.9600
   12.3404    3.9600

   12.1448    4.2920
   12.3404    4.2920

