    5.8860  -52.9590
    6.1633  -52.9550

    5.8860  -52.9490
    6.1633  -52.9520

    5.8860  -52.9480
    6.1633  -52.9460

    5.8860  -52.9390
    6.1633  -52.9420

    5.8860  -29.3410
    6.1633  -29.3250

    5.8860  -29.3330
    6.1633  -29.3160

    5.8860  -29.3170
    6.1633  -29.3110

    5.8860  -29.3170
    6.1633  -29.3080

    5.8860  -29.3050
    6.1633  -29.2870

    5.8860  -29.2940
    6.1633  -29.2710

    5.8860  -29.2680
    6.1633  -29.2630

    5.8860  -29.2510
    6.1633  -29.2550

    5.8860  -29.1910
    6.1633  -29.2380

    5.8860  -29.1730
    6.1633  -29.2180

    5.8860  -29.1680
    6.1633  -29.1620

    5.8860  -29.1680
    6.1633  -29.1560

    5.8860  -29.1500
    6.1633  -29.1170

    5.8860  -29.1460
    6.1633  -29.1170

    5.8860  -29.1240
    6.1633  -29.1110

    5.8860  -29.1050
    6.1633  -29.0990

    5.8860  -29.1040
    6.1633  -29.0970

    5.8860  -29.0880
    6.1633  -29.0930

    5.8860  -29.0880
    6.1633  -29.0810

    5.8860  -29.0670
    6.1633  -29.0730

    5.8860  -29.0080
    6.1633  -29.0600

    5.8860  -28.9920
    6.1633  -29.0420

    5.8860  -28.9590
    6.1633  -28.9540

    5.8860  -28.9420
    6.1633  -28.9480

    5.8860   -9.5520
    6.1633   -9.3010

    5.8860   -8.7180
    6.1633   -9.0010

    5.8860   -8.7090
    6.1633   -8.5990

    5.8860   -8.3620
    6.1633   -8.4710

    5.8860   -8.1980
    6.1633   -8.0310

    5.8860   -7.6230
    6.1633   -7.8300

    5.8860   -7.5920
    6.1633   -7.5450

    5.8860   -7.4480
    6.1633   -7.4940

    5.8860   -3.3150
    6.1633   -2.9150

    5.8860   -3.0450
    6.1633   -2.8760

    5.8860   -2.8920
    6.1633   -2.7620

    5.8860   -2.6940
    6.1633   -2.6710

    5.8860   -2.6650
    6.1633   -2.6450

    5.8860   -2.6430
    6.1633   -2.5100

    5.8860   -2.2790
    6.1633   -2.0520

    5.8860   -1.8320
    6.1633   -1.7830

    5.8860   -1.6370
    6.1633   -1.7740

    5.8860   -1.5240
    6.1633   -1.6900

    5.8860   -1.4890
    6.1633   -1.4450

    5.8860   -1.4420
    6.1633   -1.4210

    5.8860   -1.1840
    6.1633   -1.2620

    5.8860   -1.0780
    6.1633   -1.1140

    5.8860   -1.0260
    6.1633   -1.1050

    5.8860   -0.8600
    6.1633   -1.0190

    5.8860   -0.6110
    6.1633   -0.9680

    5.8860   -0.4620
    6.1633   -0.8380

    5.8860   -0.2930
    6.1633   -0.2120

    5.8860   -0.0790
    6.1633   -0.1090

    5.8860    0.2070
    6.1633    0.0200

    5.8860    0.5170
    6.1633    0.2230

    5.8860    0.5790
    6.1633    0.6230

    5.8860    0.7480
    6.1633    0.6960

    5.8860    0.9860
    6.1633    1.2070

    5.8860    1.0370
    6.1633    1.2090

    5.8860    1.2260
    6.1633    1.2930

    5.8860    1.2970
    6.1633    1.3550

    5.8860    1.3390
    6.1633    1.4410

    5.8860    1.6850
    6.1633    1.6200

    5.8860    1.7820
    6.1633    1.6550

    5.8860    1.8320
    6.1633    1.6800

    5.8860    1.8330
    6.1633    1.7240

    5.8860    1.8690
    6.1633    1.7330

    5.8860    2.2150
    6.1633    2.0720

    5.8860    2.3970
    6.1633    2.2030

    5.8860    2.9800
    6.1633    2.9990

    5.8860    3.0070
    6.1633    3.0850

    5.8860    3.0780
    6.1633    3.1230

    5.8860    3.1560
    6.1633    3.1520

    5.8860    3.2120
    6.1633    3.3060

    5.8860    3.2510
    6.1633    3.4310

    5.8860    3.3630
    6.1633    3.4450

    5.8860    3.7500
    6.1633    3.6250

    5.8860    3.8240
    6.1633    3.9630

    5.8860    4.1850
    6.1633    4.0370

