    9.9915  -52.9520
   10.7221  -52.9640

    9.9915  -52.9490
   10.7221  -52.9500

    9.9915  -52.9490
   10.7221  -52.9470

    9.9915  -52.9450
   10.7221  -52.9330

    9.9915  -29.3020
   10.7221  -29.3910

    9.9915  -29.3010
   10.7221  -29.3690

    9.9915  -29.2990
   10.7221  -29.3510

    9.9915  -29.2960
   10.7221  -29.3300

    9.9915  -29.2800
   10.7221  -29.3260

    9.9915  -29.2730
   10.7221  -29.2960

    9.9915  -29.2500
   10.7221  -29.2740

    9.9915  -29.2430
   10.7221  -29.2460

    9.9915  -29.2320
   10.7221  -29.2200

    9.9915  -29.2250
   10.7221  -29.1860

    9.9915  -29.2080
   10.7221  -29.1490

    9.9915  -29.2010
   10.7221  -29.1380

    9.9915  -29.1110
   10.7221  -29.1350

    9.9915  -29.1090
   10.7221  -29.1260

    9.9915  -29.1050
   10.7221  -29.1170

    9.9915  -29.1030
   10.7221  -29.1110

    9.9915  -29.1010
   10.7221  -29.1100

    9.9915  -29.0970
   10.7221  -29.1020

    9.9915  -29.0540
   10.7221  -29.0850

    9.9915  -29.0500
   10.7221  -29.0840

    9.9915  -29.0410
   10.7221  -28.9620

    9.9915  -29.0360
   10.7221  -28.9410

    9.9915  -28.9970
   10.7221  -28.9330

    9.9915  -28.9910
   10.7221  -28.9070

    9.9915   -9.0980
   10.7221   -9.9440

    9.9915   -8.8500
   10.7221   -8.5440

    9.9915   -8.8440
   10.7221   -8.4920

    9.9915   -8.6570
   10.7221   -8.4450

    9.9915   -7.8760
   10.7221   -8.2280

    9.9915   -7.7170
   10.7221   -7.4750

    9.9915   -7.7010
   10.7221   -7.4280

    9.9915   -7.5960
   10.7221   -7.3950

    9.9915   -2.7020
   10.7221   -3.9840

    9.9915   -2.6070
   10.7221   -3.5850

    9.9915   -2.4360
   10.7221   -3.1190

    9.9915   -2.4040
   10.7221   -3.0000

    9.9915   -2.4010
   10.7221   -2.8480

    9.9915   -2.2260
   10.7221   -2.6840

    9.9915   -2.1210
   10.7221   -2.5230

    9.9915   -1.9650
   10.7221   -1.7940

    9.9915   -1.9350
   10.7221   -1.7440

    9.9915   -1.7820
   10.7221   -1.7290

    9.9915   -1.7000
   10.7221   -1.2490

    9.9915   -1.6950
   10.7221   -1.1940

    9.9915   -1.2190
   10.7221   -0.9850

    9.9915   -1.1720
   10.7221   -0.7640

    9.9915   -1.1170
   10.7221   -0.6040

    9.9915   -1.0240
   10.7221   -0.4050

    9.9915   -0.9000
   10.7221   -0.3650

    9.9915   -0.7620
   10.7221   -0.1900

    9.9915   -0.6660
   10.7221   -0.1220

    9.9915   -0.5880
   10.7221   -0.1200

    9.9915    0.1760
   10.7221    0.0430

    9.9915    0.2970
   10.7221    0.2870

    9.9915    0.4120
   10.7221    0.9000

    9.9915    0.4480
   10.7221    0.9620

    9.9915    1.0820
   10.7221    1.0880

    9.9915    1.0930
   10.7221    1.1760

    9.9915    1.2250
   10.7221    1.2360

    9.9915    1.3170
   10.7221    1.5030

    9.9915    1.5060
   10.7221    1.5110

    9.9915    1.6140
   10.7221    1.6620

    9.9915    1.6280
   10.7221    1.7770

    9.9915    1.6770
   10.7221    1.9810

    9.9915    1.8050
   10.7221    2.0010

    9.9915    1.8120
   10.7221    2.3350

    9.9915    1.9400
   10.7221    2.3710

    9.9915    2.0140
   10.7221    2.6930

    9.9915    3.1420
   10.7221    2.7840

    9.9915    3.1700
   10.7221    2.8580

    9.9915    3.2150
   10.7221    2.9810

    9.9915    3.2560
   10.7221    2.9970

    9.9915    3.3620
   10.7221    3.2810

    9.9915    3.4760
   10.7221    3.3090

    9.9915    3.4820
   10.7221    3.3800

    9.9915    3.6910
   10.7221    3.5800

    9.9915    3.9460
   10.7221    4.0630

    9.9915    4.1550
   10.7221    4.1640

