   14.3408  -52.9610
   15.1956  -52.9560

   14.3408  -52.9510
   15.1956  -52.9520

   14.3408  -52.9460
   15.1956  -52.9450

   14.3408  -52.9360
   15.1956  -52.9420

   14.3408  -29.3730
   15.1956  -29.3330

   14.3408  -29.3460
   15.1956  -29.3240

   14.3408  -29.3390
   15.1956  -29.3080

   14.3408  -29.3210
   15.1956  -29.3080

   14.3408  -29.3010
   15.1956  -29.2860

   14.3408  -29.2910
   15.1956  -29.2830

   14.3408  -29.2720
   15.1956  -29.2550

   14.3408  -29.2470
   15.1956  -29.2370

   14.3408  -29.2030
   15.1956  -29.2140

   14.3408  -29.1790
   15.1956  -29.1950

   14.3408  -29.1720
   15.1956  -29.1850

   14.3408  -29.1570
   15.1956  -29.1780

   14.3408  -29.1470
   15.1956  -29.1610

   14.3408  -29.1410
   15.1956  -29.1530

   14.3408  -29.1280
   15.1956  -29.1150

   14.3408  -29.1080
   15.1956  -29.1080

   14.3408  -29.1000
   15.1956  -29.0970

   14.3408  -29.0920
   15.1956  -29.0910

   14.3408  -29.0840
   15.1956  -29.0500

   14.3408  -29.0620
   15.1956  -29.0300

   14.3408  -28.9720
   15.1956  -29.0070

   14.3408  -28.9630
   15.1956  -29.0000

   14.3408  -28.9570
   15.1956  -28.9970

   14.3408  -28.9380
   15.1956  -28.9850

   14.3408   -9.7170
   15.1956   -9.3150

   14.3408   -8.8020
   15.1956   -9.0220

   14.3408   -8.4930
   15.1956   -8.6030

   14.3408   -8.3090
   15.1956   -8.4800

   14.3408   -8.2900
   15.1956   -8.0100

   14.3408   -7.6250
   15.1956   -7.7920

   14.3408   -7.4540
   15.1956   -7.5570

   14.3408   -7.4160
   15.1956   -7.4930

   14.3408   -3.6640
   15.1956   -3.1230

   14.3408   -3.1960
   15.1956   -2.9650

   14.3408   -3.0540
   15.1956   -2.5720

   14.3408   -2.7940
   15.1956   -2.5310

   14.3408   -2.7400
   15.1956   -2.4960

   14.3408   -2.6740
   15.1956   -2.4010

   14.3408   -2.4340
   15.1956   -2.2960

   14.3408   -2.0800
   15.1956   -1.9530

   14.3408   -1.7640
   15.1956   -1.9140

   14.3408   -1.5050
   15.1956   -1.7540

   14.3408   -1.3570
   15.1956   -1.4670

   14.3408   -1.1510
   15.1956   -1.3320

   14.3408   -1.0870
   15.1956   -1.2050

   14.3408   -0.8890
   15.1956   -1.0370

   14.3408   -0.7110
   15.1956   -0.9990

   14.3408   -0.6890
   15.1956   -0.9930

   14.3408   -0.4710
   15.1956   -0.7290

   14.3408   -0.3650
   15.1956   -0.6530

   14.3408   -0.1510
   15.1956   -0.3320

   14.3408   -0.1320
   15.1956   -0.1630

   14.3408    0.4020
   15.1956    0.1210

   14.3408    0.5280
   15.1956    0.3960

   14.3408    0.8020
   15.1956    0.5190

   14.3408    0.8400
   15.1956    0.5550

   14.3408    0.8570
   15.1956    0.8580

   14.3408    0.9910
   15.1956    0.9250

   14.3408    1.1690
   15.1956    1.3470

   14.3408    1.2450
   15.1956    1.4520

   14.3408    1.5240
   15.1956    1.4540

   14.3408    1.6750
   15.1956    1.6160

   14.3408    1.8220
   15.1956    1.6600

   14.3408    1.8810
   15.1956    1.6750

   14.3408    1.9220
   15.1956    1.9290

   14.3408    2.1390
   15.1956    1.9390

   14.3408    2.3790
   15.1956    2.0800

   14.3408    2.5600
   15.1956    2.1740

   14.3408    2.7000
   15.1956    2.9680

   14.3408    2.7280
   15.1956    2.9930

   14.3408    2.9530
   15.1956    3.1040

   14.3408    3.1910
   15.1956    3.1190

   14.3408    3.2250
   15.1956    3.3230

   14.3408    3.2480
   15.1956    3.4420

   14.3408    3.3540
   15.1956    3.4650

   14.3408    3.4230
   15.1956    3.6520

   14.3408    3.9600
   15.1956    3.7730

   14.3408    4.2920
   15.1956    4.1150

