    7.8864  -52.9590
    8.7412  -52.9520

    7.8864  -52.9490
    8.7412  -52.9490

    7.8864  -52.9480
    8.7412  -52.9490

    7.8864  -52.9390
    8.7412  -52.9450

    7.8864  -29.3410
    8.7412  -29.3020

    7.8864  -29.3330
    8.7412  -29.3010

    7.8864  -29.3170
    8.7412  -29.2990

    7.8864  -29.3170
    8.7412  -29.2960

    7.8864  -29.3050
    8.7412  -29.2800

    7.8864  -29.2940
    8.7412  -29.2730

    7.8864  -29.2680
    8.7412  -29.2500

    7.8864  -29.2510
    8.7412  -29.2430

    7.8864  -29.1910
    8.7412  -29.2320

    7.8864  -29.1730
    8.7412  -29.2250

    7.8864  -29.1680
    8.7412  -29.2080

    7.8864  -29.1680
    8.7412  -29.2010

    7.8864  -29.1500
    8.7412  -29.1110

    7.8864  -29.1460
    8.7412  -29.1090

    7.8864  -29.1240
    8.7412  -29.1050

    7.8864  -29.1050
    8.7412  -29.1030

    7.8864  -29.1040
    8.7412  -29.1020

    7.8864  -29.0880
    8.7412  -29.0970

    7.8864  -29.0880
    8.7412  -29.0540

    7.8864  -29.0670
    8.7412  -29.0500

    7.8864  -29.0080
    8.7412  -29.0410

    7.8864  -28.9920
    8.7412  -29.0360

    7.8864  -28.9590
    8.7412  -28.9970

    7.8864  -28.9420
    8.7412  -28.9910

    7.8864   -9.5520
    8.7412   -9.0980

    7.8864   -8.7180
    8.7412   -8.8500

    7.8864   -8.7090
    8.7412   -8.8440

    7.8864   -8.3620
    8.7412   -8.6570

    7.8864   -8.1980
    8.7412   -7.8760

    7.8864   -7.6230
    8.7412   -7.7170

    7.8864   -7.5920
    8.7412   -7.7010

    7.8864   -7.4480
    8.7412   -7.5960

    7.8864   -3.3150
    8.7412   -2.7020

    7.8864   -3.0450
    8.7412   -2.6070

    7.8864   -2.8920
    8.7412   -2.4360

    7.8864   -2.6940
    8.7412   -2.4040

    7.8864   -2.6650
    8.7412   -2.4010

    7.8864   -2.6430
    8.7412   -2.2260

    7.8864   -2.2790
    8.7412   -2.1210

    7.8864   -1.8320
    8.7412   -1.9650

    7.8864   -1.6370
    8.7412   -1.9350

    7.8864   -1.5240
    8.7412   -1.7820

    7.8864   -1.4890
    8.7412   -1.7000

    7.8864   -1.4420
    8.7412   -1.6950

    7.8864   -1.1840
    8.7412   -1.2190

    7.8864   -1.0780
    8.7412   -1.1720

    7.8864   -1.0260
    8.7412   -1.1170

    7.8864   -0.8600
    8.7412   -1.0240

    7.8864   -0.6110
    8.7412   -0.9000

    7.8864   -0.4620
    8.7412   -0.7620

    7.8864   -0.2930
    8.7412   -0.6660

    7.8864   -0.0790
    8.7412   -0.5880

    7.8864    0.2070
    8.7412    0.1760

    7.8864    0.5170
    8.7412    0.2970

    7.8864    0.5790
    8.7412    0.4120

    7.8864    0.7480
    8.7412    0.4480

    7.8864    0.9860
    8.7412    1.0820

    7.8864    1.0370
    8.7412    1.0930

    7.8864    1.2260
    8.7412    1.2250

    7.8864    1.2970
    8.7412    1.3170

    7.8864    1.3390
    8.7412    1.5060

    7.8864    1.6850
    8.7412    1.6140

    7.8864    1.7820
    8.7412    1.6280

    7.8864    1.8320
    8.7412    1.6770

    7.8864    1.8330
    8.7412    1.8050

    7.8864    1.8690
    8.7412    1.8120

    7.8864    2.2150
    8.7412    1.9400

    7.8864    2.3970
    8.7412    2.0140

    7.8864    2.9800
    8.7412    3.1420

    7.8864    3.0070
    8.7412    3.1700

    7.8864    3.0780
    8.7412    3.2150

    7.8864    3.1560
    8.7412    3.2560

    7.8864    3.2120
    8.7412    3.3620

    7.8864    3.2510
    8.7412    3.4760

    7.8864    3.3630
    8.7412    3.4820

    7.8864    3.7500
    8.7412    3.6910

    7.8864    3.8240
    8.7412    3.9470

    7.8864    4.1850
    8.7412    4.1550

