    7.2179  -52.9550
    7.4135  -52.9550

    7.2179  -52.9520
    7.4135  -52.9520

    7.2179  -52.9460
    7.4135  -52.9460

    7.2179  -52.9420
    7.4135  -52.9420

    7.2179  -29.3250
    7.4135  -29.3250

    7.2179  -29.3160
    7.4135  -29.3160

    7.2179  -29.3110
    7.4135  -29.3110

    7.2179  -29.3080
    7.4135  -29.3080

    7.2179  -29.2870
    7.4135  -29.2870

    7.2179  -29.2710
    7.4135  -29.2710

    7.2179  -29.2630
    7.4135  -29.2630

    7.2179  -29.2550
    7.4135  -29.2550

    7.2179  -29.2380
    7.4135  -29.2380

    7.2179  -29.2180
    7.4135  -29.2180

    7.2179  -29.1620
    7.4135  -29.1620

    7.2179  -29.1560
    7.4135  -29.1560

    7.2179  -29.1170
    7.4135  -29.1170

    7.2179  -29.1170
    7.4135  -29.1170

    7.2179  -29.1110
    7.4135  -29.1110

    7.2179  -29.0990
    7.4135  -29.0990

    7.2179  -29.0970
    7.4135  -29.0970

    7.2179  -29.0930
    7.4135  -29.0930

    7.2179  -29.0810
    7.4135  -29.0810

    7.2179  -29.0730
    7.4135  -29.0730

    7.2179  -29.0600
    7.4135  -29.0600

    7.2179  -29.0420
    7.4135  -29.0420

    7.2179  -28.9540
    7.4135  -28.9540

    7.2179  -28.9480
    7.4135  -28.9480

    7.2179   -9.3010
    7.4135   -9.3010

    7.2179   -9.0010
    7.4135   -9.0010

    7.2179   -8.5990
    7.4135   -8.5990

    7.2179   -8.4710
    7.4135   -8.4710

    7.2179   -8.0310
    7.4135   -8.0310

    7.2179   -7.8300
    7.4135   -7.8300

    7.2179   -7.5450
    7.4135   -7.5450

    7.2179   -7.4940
    7.4135   -7.4940

    7.2179   -2.9150
    7.4135   -2.9150

    7.2179   -2.8760
    7.4135   -2.8760

    7.2179   -2.7620
    7.4135   -2.7620

    7.2179   -2.6710
    7.4135   -2.6710

    7.2179   -2.6450
    7.4135   -2.6450

    7.2179   -2.5100
    7.4135   -2.5100

    7.2179   -2.0520
    7.4135   -2.0520

    7.2179   -1.7830
    7.4135   -1.7830

    7.2179   -1.7740
    7.4135   -1.7740

    7.2179   -1.6900
    7.4135   -1.6900

    7.2179   -1.4450
    7.4135   -1.4450

    7.2179   -1.4210
    7.4135   -1.4210

    7.2179   -1.2620
    7.4135   -1.2620

    7.2179   -1.1140
    7.4135   -1.1140

    7.2179   -1.1050
    7.4135   -1.1050

    7.2179   -1.0190
    7.4135   -1.0190

    7.2179   -0.9680
    7.4135   -0.9680

    7.2179   -0.8380
    7.4135   -0.8380

    7.2179   -0.2120
    7.4135   -0.2120

    7.2179   -0.1090
    7.4135   -0.1090

    7.2179    0.0200
    7.4135    0.0200

    7.2179    0.2230
    7.4135    0.2230

    7.2179    0.6230
    7.4135    0.6230

    7.2179    0.6960
    7.4135    0.6960

    7.2179    1.2070
    7.4135    1.2070

    7.2179    1.2090
    7.4135    1.2090

    7.2179    1.2930
    7.4135    1.2930

    7.2179    1.3550
    7.4135    1.3550

    7.2179    1.4410
    7.4135    1.4410

    7.2179    1.6200
    7.4135    1.6200

    7.2179    1.6550
    7.4135    1.6550

    7.2179    1.6800
    7.4135    1.6800

    7.2179    1.7240
    7.4135    1.7240

    7.2179    1.7330
    7.4135    1.7330

    7.2179    2.0720
    7.4135    2.0720

    7.2179    2.2030
    7.4135    2.2030

    7.2179    2.9990
    7.4135    2.9990

    7.2179    3.0850
    7.4135    3.0850

    7.2179    3.1230
    7.4135    3.1230

    7.2179    3.1520
    7.4135    3.1520

    7.2179    3.3060
    7.4135    3.3060

    7.2179    3.4310
    7.4135    3.4310

    7.2179    3.4450
    7.4135    3.4450

    7.2179    3.6250
    7.4135    3.6250

    7.2179    3.9630
    7.4135    3.9630

    7.2179    4.0370
    7.4135    4.0370

