    6.1633  -52.9550
    6.3589  -52.9550

    6.1633  -52.9520
    6.3589  -52.9520

    6.1633  -52.9460
    6.3589  -52.9460

    6.1633  -52.9420
    6.3589  -52.9420

    6.1633  -29.3250
    6.3589  -29.3250

    6.1633  -29.3160
    6.3589  -29.3160

    6.1633  -29.3110
    6.3589  -29.3110

    6.1633  -29.3080
    6.3589  -29.3080

    6.1633  -29.2870
    6.3589  -29.2870

    6.1633  -29.2710
    6.3589  -29.2710

    6.1633  -29.2630
    6.3589  -29.2630

    6.1633  -29.2550
    6.3589  -29.2550

    6.1633  -29.2380
    6.3589  -29.2380

    6.1633  -29.2180
    6.3589  -29.2180

    6.1633  -29.1620
    6.3589  -29.1620

    6.1633  -29.1560
    6.3589  -29.1560

    6.1633  -29.1170
    6.3589  -29.1170

    6.1633  -29.1170
    6.3589  -29.1170

    6.1633  -29.1110
    6.3589  -29.1100

    6.1633  -29.0990
    6.3589  -29.0990

    6.1633  -29.0970
    6.3589  -29.0970

    6.1633  -29.0930
    6.3589  -29.0930

    6.1633  -29.0810
    6.3589  -29.0810

    6.1633  -29.0730
    6.3589  -29.0730

    6.1633  -29.0600
    6.3589  -29.0600

    6.1633  -29.0420
    6.3589  -29.0420

    6.1633  -28.9540
    6.3589  -28.9540

    6.1633  -28.9480
    6.3589  -28.9480

    6.1633   -9.3010
    6.3589   -9.3010

    6.1633   -9.0010
    6.3589   -9.0010

    6.1633   -8.5990
    6.3589   -8.5990

    6.1633   -8.4710
    6.3589   -8.4710

    6.1633   -8.0310
    6.3589   -8.0310

    6.1633   -7.8300
    6.3589   -7.8300

    6.1633   -7.5450
    6.3589   -7.5450

    6.1633   -7.4940
    6.3589   -7.4940

    6.1633   -2.9150
    6.3589   -2.9150

    6.1633   -2.8760
    6.3589   -2.8760

    6.1633   -2.7620
    6.3589   -2.7620

    6.1633   -2.6710
    6.3589   -2.6710

    6.1633   -2.6450
    6.3589   -2.6450

    6.1633   -2.5100
    6.3589   -2.5100

    6.1633   -2.0520
    6.3589   -2.0520

    6.1633   -1.7830
    6.3589   -1.7830

    6.1633   -1.7740
    6.3589   -1.7740

    6.1633   -1.6900
    6.3589   -1.6900

    6.1633   -1.4450
    6.3589   -1.4450

    6.1633   -1.4210
    6.3589   -1.4210

    6.1633   -1.2620
    6.3589   -1.2620

    6.1633   -1.1140
    6.3589   -1.1140

    6.1633   -1.1050
    6.3589   -1.1050

    6.1633   -1.0190
    6.3589   -1.0190

    6.1633   -0.9680
    6.3589   -0.9680

    6.1633   -0.8380
    6.3589   -0.8380

    6.1633   -0.2120
    6.3589   -0.2120

    6.1633   -0.1090
    6.3589   -0.1090

    6.1633    0.0200
    6.3589    0.0200

    6.1633    0.2230
    6.3589    0.2230

    6.1633    0.6230
    6.3589    0.6230

    6.1633    0.6960
    6.3589    0.6960

    6.1633    1.2070
    6.3589    1.2070

    6.1633    1.2090
    6.3589    1.2090

    6.1633    1.2930
    6.3589    1.2930

    6.1633    1.3550
    6.3589    1.3550

    6.1633    1.4410
    6.3589    1.4410

    6.1633    1.6200
    6.3589    1.6200

    6.1633    1.6550
    6.3589    1.6550

    6.1633    1.6800
    6.3589    1.6800

    6.1633    1.7240
    6.3589    1.7240

    6.1633    1.7330
    6.3589    1.7330

    6.1633    2.0720
    6.3589    2.0720

    6.1633    2.2030
    6.3589    2.2030

    6.1633    2.9990
    6.3589    2.9990

    6.1633    3.0850
    6.3589    3.0850

    6.1633    3.1230
    6.3589    3.1230

    6.1633    3.1520
    6.3589    3.1520

    6.1633    3.3060
    6.3589    3.3060

    6.1633    3.4310
    6.3589    3.4310

    6.1633    3.4450
    6.3589    3.4450

    6.1633    3.6250
    6.3589    3.6250

    6.1633    3.9630
    6.3589    3.9630

    6.1633    4.0370
    6.3589    4.0370

