   15.1956  -52.9560
   15.3912  -52.9560

   15.1956  -52.9520
   15.3912  -52.9520

   15.1956  -52.9450
   15.3912  -52.9450

   15.1956  -52.9420
   15.3912  -52.9420

   15.1956  -29.3330
   15.3912  -29.3330

   15.1956  -29.3240
   15.3912  -29.3240

   15.1956  -29.3080
   15.3912  -29.3080

   15.1956  -29.3080
   15.3912  -29.3080

   15.1956  -29.2860
   15.3912  -29.2860

   15.1956  -29.2830
   15.3912  -29.2830

   15.1956  -29.2550
   15.3912  -29.2550

   15.1956  -29.2370
   15.3912  -29.2370

   15.1956  -29.2140
   15.3912  -29.2140

   15.1956  -29.1950
   15.3912  -29.1950

   15.1956  -29.1850
   15.3912  -29.1850

   15.1956  -29.1780
   15.3912  -29.1780

   15.1956  -29.1610
   15.3912  -29.1610

   15.1956  -29.1530
   15.3912  -29.1530

   15.1956  -29.1150
   15.3912  -29.1150

   15.1956  -29.1080
   15.3912  -29.1080

   15.1956  -29.0970
   15.3912  -29.0970

   15.1956  -29.0910
   15.3912  -29.0910

   15.1956  -29.0500
   15.3912  -29.0500

   15.1956  -29.0300
   15.3912  -29.0300

   15.1956  -29.0070
   15.3912  -29.0070

   15.1956  -29.0000
   15.3912  -29.0000

   15.1956  -28.9970
   15.3912  -28.9970

   15.1956  -28.9850
   15.3912  -28.9850

   15.1956   -9.3150
   15.3912   -9.3150

   15.1956   -9.0220
   15.3912   -9.0220

   15.1956   -8.6030
   15.3912   -8.6030

   15.1956   -8.4800
   15.3912   -8.4800

   15.1956   -8.0100
   15.3912   -8.0100

   15.1956   -7.7920
   15.3912   -7.7920

   15.1956   -7.5570
   15.3912   -7.5570

   15.1956   -7.4930
   15.3912   -7.4930

   15.1956   -3.1230
   15.3912   -3.1230

   15.1956   -2.9650
   15.3912   -2.9650

   15.1956   -2.5720
   15.3912   -2.5720

   15.1956   -2.5310
   15.3912   -2.5310

   15.1956   -2.4960
   15.3912   -2.4960

   15.1956   -2.4010
   15.3912   -2.4010

   15.1956   -2.2960
   15.3912   -2.2960

   15.1956   -1.9530
   15.3912   -1.9530

   15.1956   -1.9140
   15.3912   -1.9140

   15.1956   -1.7540
   15.3912   -1.7540

   15.1956   -1.4670
   15.3912   -1.4670

   15.1956   -1.3320
   15.3912   -1.3320

   15.1956   -1.2050
   15.3912   -1.2050

   15.1956   -1.0370
   15.3912   -1.0370

   15.1956   -0.9990
   15.3912   -0.9990

   15.1956   -0.9930
   15.3912   -0.9930

   15.1956   -0.7290
   15.3912   -0.7290

   15.1956   -0.6530
   15.3912   -0.6530

   15.1956   -0.3320
   15.3912   -0.3320

   15.1956   -0.1630
   15.3912   -0.1630

   15.1956    0.1210
   15.3912    0.1210

   15.1956    0.3960
   15.3912    0.3960

   15.1956    0.5190
   15.3912    0.5190

   15.1956    0.5550
   15.3912    0.5550

   15.1956    0.8580
   15.3912    0.8580

   15.1956    0.9250
   15.3912    0.9250

   15.1956    1.3470
   15.3912    1.3470

   15.1956    1.4520
   15.3912    1.4520

   15.1956    1.4540
   15.3912    1.4540

   15.1956    1.6160
   15.3912    1.6160

   15.1956    1.6600
   15.3912    1.6600

   15.1956    1.6750
   15.3912    1.6750

   15.1956    1.9290
   15.3912    1.9290

   15.1956    1.9390
   15.3912    1.9390

   15.1956    2.0800
   15.3912    2.0800

   15.1956    2.1740
   15.3912    2.1740

   15.1956    2.9680
   15.3912    2.9680

   15.1956    2.9930
   15.3912    2.9930

   15.1956    3.1040
   15.3912    3.1040

   15.1956    3.1190
   15.3912    3.1190

   15.1956    3.3230
   15.3912    3.3230

   15.1956    3.4420
   15.3912    3.4420

   15.1956    3.4650
   15.3912    3.4650

   15.1956    3.6520
   15.3912    3.6520

   15.1956    3.7730
   15.3912    3.7730

   15.1956    4.1150
   15.3912    4.1150

