    4.9150  -52.9630
    5.1106  -52.9630

    4.9150  -52.9490
    5.1106  -52.9490

    4.9150  -52.9480
    5.1106  -52.9480

    4.9150  -52.9340
    5.1106  -52.9340

    4.9150  -29.3790
    5.1106  -29.3790

    4.9150  -29.3670
    5.1106  -29.3670

    4.9150  -29.3400
    5.1106  -29.3400

    4.9150  -29.3280
    5.1106  -29.3280

    4.9150  -29.3280
    5.1106  -29.3280

    4.9150  -29.2970
    5.1106  -29.2970

    4.9150  -29.2730
    5.1106  -29.2730

    4.9150  -29.2480
    5.1106  -29.2480

    4.9150  -29.2080
    5.1106  -29.2080

    4.9150  -29.1740
    5.1106  -29.1740

    4.9150  -29.1610
    5.1106  -29.1610

    4.9150  -29.1370
    5.1106  -29.1370

    4.9150  -29.1360
    5.1106  -29.1360

    4.9150  -29.1330
    5.1106  -29.1330

    4.9150  -29.1160
    5.1106  -29.1160

    4.9150  -29.1120
    5.1106  -29.1120

    4.9150  -29.1090
    5.1106  -29.1090

    4.9150  -29.1040
    5.1106  -29.1040

    4.9150  -29.0870
    5.1106  -29.0870

    4.9150  -29.0850
    5.1106  -29.0850

    4.9150  -28.9750
    5.1106  -28.9750

    4.9150  -28.9540
    5.1106  -28.9540

    4.9150  -28.9310
    5.1106  -28.9310

    4.9150  -28.9080
    5.1106  -28.9080

    4.9150   -9.8830
    5.1106   -9.8830

    4.9150   -8.5360
    5.1106   -8.5360

    4.9150   -8.5250
    5.1106   -8.5250

    4.9150   -8.4480
    5.1106   -8.4480

    4.9150   -8.2390
    5.1106   -8.2390

    4.9150   -7.4760
    5.1106   -7.4760

    4.9150   -7.4700
    5.1106   -7.4700

    4.9150   -7.4270
    5.1106   -7.4270

    4.9150   -3.8310
    5.1106   -3.8310

    4.9150   -3.5280
    5.1106   -3.5280

    4.9150   -3.0610
    5.1106   -3.0610

    4.9150   -2.9710
    5.1106   -2.9710

    4.9150   -2.8310
    5.1106   -2.8310

    4.9150   -2.6230
    5.1106   -2.6230

    4.9150   -2.5890
    5.1106   -2.5890

    4.9150   -1.8130
    5.1106   -1.8130

    4.9150   -1.7330
    5.1106   -1.7330

    4.9150   -1.5570
    5.1106   -1.5570

    4.9150   -1.2900
    5.1106   -1.2900

    4.9150   -1.2050
    5.1106   -1.2050

    4.9150   -1.1940
    5.1106   -1.1940

    4.9150   -0.7560
    5.1106   -0.7560

    4.9150   -0.7130
    5.1106   -0.7130

    4.9150   -0.6360
    5.1106   -0.6360

    4.9150   -0.3840
    5.1106   -0.3840

    4.9150   -0.2580
    5.1106   -0.2580

    4.9150   -0.0790
    5.1106   -0.0790

    4.9150   -0.0610
    5.1106   -0.0610

    4.9150    0.2210
    5.1106    0.2210

    4.9150    0.4410
    5.1106    0.4410

    4.9150    0.9430
    5.1106    0.9430

    4.9150    1.0090
    5.1106    1.0090

    4.9150    1.0160
    5.1106    1.0160

    4.9150    1.0810
    5.1106    1.0810

    4.9150    1.1390
    5.1106    1.1390

    4.9150    1.2070
    5.1106    1.2070

    4.9150    1.5430
    5.1106    1.5430

    4.9150    1.5790
    5.1106    1.5790

    4.9150    1.8040
    5.1106    1.8040

    4.9150    1.9120
    5.1106    1.9120

    4.9150    2.0160
    5.1106    2.0160

    4.9150    2.5010
    5.1106    2.5010

    4.9150    2.5290
    5.1106    2.5290

    4.9150    2.6050
    5.1106    2.6050

    4.9150    2.7470
    5.1106    2.7470

    4.9150    2.7810
    5.1106    2.7810

    4.9150    2.8230
    5.1106    2.8230

    4.9150    3.1590
    5.1106    3.1590

    4.9150    3.2200
    5.1106    3.2200

    4.9150    3.3440
    5.1106    3.3440

    4.9150    3.4100
    5.1106    3.4100

    4.9150    3.5190
    5.1106    3.5190

    4.9150    3.9950
    5.1106    3.9950

    4.9150    4.1350
    5.1106    4.1350

