    4.4421  -52.9610
    4.6377  -52.9610

    4.4421  -52.9500
    4.6377  -52.9500

    4.4421  -52.9470
    4.6377  -52.9470

    4.4421  -52.9370
    4.6377  -52.9370

    4.4421  -29.3610
    4.6377  -29.3610

    4.4421  -29.3470
    4.6377  -29.3470

    4.4421  -29.3340
    4.6377  -29.3340

    4.4421  -29.3240
    4.6377  -29.3240

    4.4421  -29.3090
    4.6377  -29.3090

    4.4421  -29.3010
    4.6377  -29.3010

    4.4421  -29.2690
    4.6377  -29.2690

    4.4421  -29.2510
    4.6377  -29.2510

    4.4421  -29.1950
    4.6377  -29.1950

    4.4421  -29.1730
    4.6377  -29.1730

    4.4421  -29.1690
    4.6377  -29.1690

    4.4421  -29.1410
    4.6377  -29.1410

    4.4421  -29.1330
    4.6377  -29.1330

    4.4421  -29.1290
    4.6377  -29.1290

    4.4421  -29.1160
    4.6377  -29.1160

    4.4421  -29.1110
    4.6377  -29.1110

    4.4421  -29.1080
    4.6377  -29.1080

    4.4421  -29.1050
    4.6377  -29.1050

    4.4421  -29.0910
    4.6377  -29.0910

    4.4421  -29.0890
    4.6377  -29.0890

    4.4421  -29.0120
    4.6377  -29.0120

    4.4421  -28.9880
    4.6377  -28.9880

    4.4421  -28.9280
    4.6377  -28.9280

    4.4421  -28.9120
    4.6377  -28.9120

    4.4421   -9.7050
    4.6377   -9.7050

    4.4421   -8.7790
    4.6377   -8.7790

    4.4421   -8.4710
    4.6377   -8.4710

    4.4421   -8.3250
    4.6377   -8.3250

    4.4421   -8.2730
    4.6377   -8.2730

    4.4421   -7.6730
    4.6377   -7.6730

    4.4421   -7.4570
    4.6377   -7.4570

    4.4421   -7.4270
    4.6377   -7.4270

    4.4421   -3.4650
    4.6377   -3.4650

    4.4421   -3.3750
    4.6377   -3.3750

    4.4421   -2.9080
    4.6377   -2.9080

    4.4421   -2.8830
    4.6377   -2.8830

    4.4421   -2.8060
    4.6377   -2.8060

    4.4421   -2.7550
    4.6377   -2.7550

    4.4421   -2.4280
    4.6377   -2.4280

    4.4421   -1.7380
    4.6377   -1.7380

    4.4421   -1.5770
    4.6377   -1.5770

    4.4421   -1.5750
    4.6377   -1.5750

    4.4421   -1.4960
    4.6377   -1.4960

    4.4421   -1.3480
    4.6377   -1.3480

    4.4421   -1.2850
    4.6377   -1.2850

    4.4421   -0.9420
    4.6377   -0.9420

    4.4421   -0.8210
    4.6377   -0.8210

    4.4421   -0.7180
    4.6377   -0.7180

    4.4421   -0.5310
    4.6377   -0.5310

    4.4421   -0.5070
    4.6377   -0.5070

    4.4421   -0.0380
    4.6377   -0.0380

    4.4421    0.0330
    4.6377    0.0330

    4.4421    0.4620
    4.6377    0.4620

    4.4421    0.5720
    4.6377    0.5720

    4.4421    0.6770
    4.6377    0.6770

    4.4421    0.7410
    4.6377    0.7410

    4.4421    0.9900
    4.6377    0.9900

    4.4421    1.1550
    4.6377    1.1550

    4.4421    1.2010
    4.6377    1.2010

    4.4421    1.2880
    4.6377    1.2880

    4.4421    1.5180
    4.6377    1.5180

    4.4421    1.5650
    4.6377    1.5650

    4.4421    1.8270
    4.6377    1.8270

    4.4421    1.8890
    4.6377    1.8890

    4.4421    1.9510
    4.6377    1.9510

    4.4421    2.1410
    4.6377    2.1410

    4.4421    2.2330
    4.6377    2.2330

    4.4421    2.5530
    4.6377    2.5530

    4.4421    2.7320
    4.6377    2.7320

    4.4421    2.7880
    4.6377    2.7880

    4.4421    2.8330
    4.6377    2.8330

    4.4421    3.2460
    4.6377    3.2460

    4.4421    3.3300
    4.6377    3.3300

    4.4421    3.3350
    4.6377    3.3350

    4.4421    3.4660
    4.6377    3.4660

    4.4421    3.7850
    4.6377    3.7850

    4.4421    3.8640
    4.6377    3.8640

    4.4421    4.0160
    4.6377    4.0160

