    4.1649  -52.9580
    4.4421  -52.9610

    4.1649  -52.9540
    4.4421  -52.9500

    4.1649  -52.9440
    4.4421  -52.9470

    4.1649  -52.9400
    4.4421  -52.9370

    4.1649  -29.3530
    4.4421  -29.3610

    4.1649  -29.3430
    4.4421  -29.3470

    4.1649  -29.3180
    4.4421  -29.3340

    4.1649  -29.3140
    4.4421  -29.3240

    4.1649  -29.2930
    4.4421  -29.3090

    4.1649  -29.2670
    4.4421  -29.3010

    4.1649  -29.2640
    4.4421  -29.2690

    4.1649  -29.2540
    4.4421  -29.2510

    4.1649  -29.2430
    4.4421  -29.1950

    4.1649  -29.2140
    4.4421  -29.1730

    4.1649  -29.1270
    4.4421  -29.1690

    4.1649  -29.1230
    4.4421  -29.1410

    4.1649  -29.1220
    4.4421  -29.1330

    4.1649  -29.1210
    4.4421  -29.1290

    4.1649  -29.1150
    4.4421  -29.1160

    4.1649  -29.1050
    4.4421  -29.1110

    4.1649  -29.1000
    4.4421  -29.1080

    4.1649  -29.0980
    4.4421  -29.1050

    4.1649  -29.0940
    4.4421  -29.0910

    4.1649  -29.0920
    4.4421  -29.0890

    4.1649  -29.0640
    4.4421  -29.0120

    4.1649  -29.0380
    4.4421  -28.9880

    4.1649  -28.9230
    4.4421  -28.9280

    4.1649  -28.9170
    4.4421  -28.9120

    4.1649   -9.4330
    4.4421   -9.7050

    4.1649   -9.1040
    4.4421   -8.7790

    4.1649   -8.4000
    4.4421   -8.4710

    4.1649   -8.3290
    4.4421   -8.3250

    4.1649   -8.1360
    4.4421   -8.2730

    4.1649   -7.9090
    4.4421   -7.6730

    4.1649   -7.4420
    4.4421   -7.4570

    4.1649   -7.4320
    4.4421   -7.4270

    4.1649   -3.1710
    4.4421   -3.4650

    4.1649   -3.0870
    4.4421   -3.3750

    4.1649   -2.9580
    4.4421   -2.9080

    4.1649   -2.8610
    4.4421   -2.8830

    4.1649   -2.7680
    4.4421   -2.8060

    4.1649   -2.7560
    4.4421   -2.7550

    4.1649   -2.0960
    4.4421   -2.4280

    4.1649   -1.8290
    4.4421   -1.7380

    4.1649   -1.8040
    4.4421   -1.5770

    4.1649   -1.7030
    4.4421   -1.5750

    4.1649   -1.3600
    4.4421   -1.4960

    4.1649   -1.3500
    4.4421   -1.3480

    4.1649   -1.1640
    4.4421   -1.2850

    4.1649   -1.1300
    4.4421   -0.9420

    4.1649   -1.0650
    4.4421   -0.8210

    4.1649   -0.8990
    4.4421   -0.7180

    4.1649   -0.6140
    4.4421   -0.5310

    4.1649   -0.5460
    4.4421   -0.5070

    4.1649   -0.0570
    4.4421   -0.0380

    4.1649    0.0990
    4.4421    0.0330

    4.1649    0.2400
    4.4421    0.4620

    4.1649    0.3740
    4.4421    0.5720

    4.1649    0.7210
    4.4421    0.6770

    4.1649    0.9220
    4.4421    0.7410

    4.1649    0.9980
    4.4421    0.9900

    4.1649    1.1520
    4.4421    1.1550

    4.1649    1.3930
    4.4421    1.2010

    4.1649    1.5600
    4.4421    1.2880

    4.1649    1.6080
    4.4421    1.5180

    4.1649    1.6260
    4.4421    1.5650

    4.1649    1.7090
    4.4421    1.8270

    4.1649    1.7950
    4.4421    1.8890

    4.1649    1.8390
    4.4421    1.9510

    4.1649    1.8400
    4.4421    2.1410

    4.1649    2.0910
    4.4421    2.2330

    4.1649    2.2930
    4.4421    2.5530

    4.1649    2.6620
    4.4421    2.7320

    4.1649    2.7350
    4.4421    2.7880

    4.1649    2.8850
    4.4421    2.8330

    4.1649    3.0770
    4.4421    3.2460

    4.1649    3.3450
    4.4421    3.3300

    4.1649    3.3520
    4.4421    3.3350

    4.1649    3.6420
    4.4421    3.4660

    4.1649    3.7690
    4.4421    3.7850

    4.1649    3.7710
    4.4421    3.8640

    4.1649    3.8360
    4.4421    4.0160

