   12.3404  -52.9610
   12.6176  -52.9580

   12.3404  -52.9510
   12.6176  -52.9550

   12.3404  -52.9460
   12.6176  -52.9430

   12.3404  -52.9360
   12.6176  -52.9390

   12.3404  -29.3730
   12.6176  -29.3650

   12.3404  -29.3460
   12.6176  -29.3550

   12.3404  -29.3390
   12.6176  -29.3130

   12.3404  -29.3210
   12.6176  -29.3130

   12.3404  -29.3010
   12.6176  -29.2820

   12.3404  -29.2910
   12.6176  -29.2790

   12.3404  -29.2720
   12.6176  -29.2590

   12.3404  -29.2470
   12.6176  -29.2330

   12.3404  -29.2030
   12.6176  -29.2180

   12.3404  -29.1790
   12.6176  -29.1950

   12.3404  -29.1720
   12.6176  -29.1910

   12.3404  -29.1570
   12.6176  -29.1870

   12.3404  -29.1470
   12.6176  -29.1520

   12.3404  -29.1410
   12.6176  -29.1460

   12.3404  -29.1280
   12.6176  -29.1190

   12.3404  -29.1080
   12.6176  -29.1120

   12.3404  -29.1000
   12.6176  -29.0930

   12.3404  -29.0920
   12.6176  -29.0870

   12.3404  -29.0840
   12.6176  -29.0550

   12.3404  -29.0620
   12.6176  -29.0250

   12.3404  -28.9720
   12.6176  -29.0080

   12.3404  -28.9630
   12.6176  -28.9800

   12.3404  -28.9570
   12.6176  -28.9670

   12.3404  -28.9380
   12.6176  -28.9620

   12.3404   -9.7170
   12.6176   -9.4600

   12.3404   -8.8020
   12.6176   -9.1390

   12.3404   -8.4930
   12.6176   -8.4300

   12.3404   -8.3090
   12.6176   -8.3580

   12.3404   -8.2900
   12.6176   -8.0990

   12.3404   -7.6250
   12.6176   -7.8540

   12.3404   -7.4540
   12.6176   -7.4290

   12.3404   -7.4160
   12.6176   -7.4150

   12.3404   -3.6640
   12.6176   -3.4370

   12.3404   -3.1960
   12.6176   -3.2150

   12.3404   -3.0540
   12.6176   -2.7800

   12.3404   -2.7940
   12.6176   -2.6600

   12.3404   -2.7400
   12.6176   -2.6230

   12.3404   -2.6740
   12.6176   -2.4930

   12.3404   -2.4340
   12.6176   -2.4300

   12.3404   -2.0800
   12.6176   -2.1400

   12.3404   -1.7640
   12.6176   -2.0110

   12.3404   -1.5050
   12.6176   -1.9080

   12.3404   -1.3570
   12.6176   -1.1030

   12.3404   -1.1510
   12.6176   -0.9820

   12.3404   -1.0870
   12.6176   -0.8880

   12.3404   -0.8890
   12.6176   -0.8730

   12.3404   -0.7110
   12.6176   -0.8690

   12.3404   -0.6890
   12.6176   -0.8520

   12.3404   -0.4710
   12.6176   -0.6480

   12.3404   -0.3650
   12.6176   -0.6110

   12.3404   -0.1510
   12.6176    0.0100

   12.3404   -0.1320
   12.6176    0.0430

   12.3404    0.4020
   12.6176    0.3570

   12.3404    0.5280
   12.6176    0.4060

   12.3404    0.8020
   12.6176    0.6890

   12.3404    0.8400
   12.6176    0.7060

   12.3404    0.8570
   12.6176    0.7390

   12.3404    0.9910
   12.6176    0.8030

   12.3404    1.1690
   12.6176    1.4090

   12.3404    1.2450
   12.6176    1.4380

   12.3404    1.5240
   12.6176    1.6290

   12.3404    1.6750
   12.6176    1.6840

   12.3404    1.8220
   12.6176    1.7480

   12.3404    1.8810
   12.6176    1.7720

   12.3404    1.9220
   12.6176    1.9600

   12.3404    2.1390
   12.6176    2.0400

   12.3404    2.3790
   12.6176    2.1920

   12.3404    2.5600
   12.6176    2.2770

   12.3404    2.7000
   12.6176    2.7460

   12.3404    2.7280
   12.6176    2.7630

   12.3404    2.9530
   12.6176    2.8830

   12.3404    3.1910
   12.6176    2.9390

   12.3404    3.2250
   12.6176    3.1600

   12.3404    3.2480
   12.6176    3.1790

   12.3404    3.3540
   12.6176    3.5530

   12.3404    3.4230
   12.6176    3.7750

   12.3404    3.9600
   12.6176    3.7780

   12.3404    4.2920
   12.6176    4.0330

