   13.8679  -52.9580
   14.1451  -52.9610

   13.8679  -52.9550
   14.1451  -52.9510

   13.8679  -52.9430
   14.1451  -52.9460

   13.8679  -52.9390
   14.1451  -52.9360

   13.8679  -29.3650
   14.1451  -29.3730

   13.8679  -29.3550
   14.1451  -29.3460

   13.8679  -29.3130
   14.1451  -29.3390

   13.8679  -29.3130
   14.1451  -29.3210

   13.8679  -29.2820
   14.1451  -29.3010

   13.8679  -29.2790
   14.1451  -29.2910

   13.8679  -29.2590
   14.1451  -29.2720

   13.8679  -29.2330
   14.1451  -29.2470

   13.8679  -29.2180
   14.1451  -29.2030

   13.8679  -29.1950
   14.1451  -29.1790

   13.8679  -29.1910
   14.1451  -29.1720

   13.8679  -29.1870
   14.1451  -29.1570

   13.8679  -29.1520
   14.1451  -29.1470

   13.8679  -29.1460
   14.1451  -29.1410

   13.8679  -29.1190
   14.1451  -29.1280

   13.8679  -29.1120
   14.1451  -29.1080

   13.8679  -29.0930
   14.1451  -29.1000

   13.8679  -29.0870
   14.1451  -29.0920

   13.8679  -29.0550
   14.1451  -29.0840

   13.8679  -29.0250
   14.1451  -29.0620

   13.8679  -29.0080
   14.1451  -28.9720

   13.8679  -28.9800
   14.1451  -28.9630

   13.8679  -28.9670
   14.1451  -28.9570

   13.8679  -28.9620
   14.1451  -28.9380

   13.8679   -9.4600
   14.1451   -9.7170

   13.8679   -9.1390
   14.1451   -8.8020

   13.8679   -8.4300
   14.1451   -8.4930

   13.8679   -8.3580
   14.1451   -8.3090

   13.8679   -8.0990
   14.1451   -8.2900

   13.8679   -7.8540
   14.1451   -7.6250

   13.8679   -7.4290
   14.1451   -7.4540

   13.8679   -7.4150
   14.1451   -7.4160

   13.8679   -3.4370
   14.1451   -3.6640

   13.8679   -3.2150
   14.1451   -3.1960

   13.8679   -2.7800
   14.1451   -3.0540

   13.8679   -2.6600
   14.1451   -2.7940

   13.8679   -2.6230
   14.1451   -2.7400

   13.8679   -2.4930
   14.1451   -2.6740

   13.8679   -2.4300
   14.1451   -2.4340

   13.8679   -2.1400
   14.1451   -2.0800

   13.8679   -2.0110
   14.1451   -1.7640

   13.8679   -1.9080
   14.1451   -1.5050

   13.8679   -1.1030
   14.1451   -1.3570

   13.8679   -0.9820
   14.1451   -1.1510

   13.8679   -0.8880
   14.1451   -1.0870

   13.8679   -0.8730
   14.1451   -0.8890

   13.8679   -0.8690
   14.1451   -0.7110

   13.8679   -0.8520
   14.1451   -0.6890

   13.8679   -0.6480
   14.1451   -0.4710

   13.8679   -0.6110
   14.1451   -0.3650

   13.8679    0.0100
   14.1451   -0.1510

   13.8679    0.0430
   14.1451   -0.1320

   13.8679    0.3570
   14.1451    0.4020

   13.8679    0.4060
   14.1451    0.5280

   13.8679    0.6890
   14.1451    0.8020

   13.8679    0.7060
   14.1451    0.8400

   13.8679    0.7390
   14.1451    0.8570

   13.8679    0.8030
   14.1451    0.9910

   13.8679    1.4090
   14.1451    1.1690

   13.8679    1.4380
   14.1451    1.2450

   13.8679    1.6290
   14.1451    1.5240

   13.8679    1.6840
   14.1451    1.6750

   13.8679    1.7480
   14.1451    1.8220

   13.8679    1.7720
   14.1451    1.8810

   13.8679    1.9600
   14.1451    1.9220

   13.8679    2.0400
   14.1451    2.1390

   13.8679    2.1920
   14.1451    2.3790

   13.8679    2.2770
   14.1451    2.5600

   13.8679    2.7460
   14.1451    2.7000

   13.8679    2.7630
   14.1451    2.7280

   13.8679    2.8830
   14.1451    2.9530

   13.8679    2.9390
   14.1451    3.1910

   13.8679    3.1600
   14.1451    3.2250

   13.8679    3.1790
   14.1451    3.2480

   13.8679    3.5530
   14.1451    3.3540

   13.8679    3.7750
   14.1451    3.4230

   13.8679    3.7780
   14.1451    3.9600

   13.8679    4.0220
   14.1451    4.2920

