 &plot nbnd=  22, nks=   386 /
            0.000000  0.000000  0.000000
  -40.019  -39.981  -16.316  -16.121  -16.121  -15.975  -15.975  -15.925    2.119    4.556
    8.653   11.804   12.584   12.584   12.679   13.125   13.467   13.467   15.617   16.402
   17.490   17.943
            0.000000  0.000000  0.006522
  -40.019  -39.981  -16.316  -16.121  -16.121  -15.975  -15.975  -15.925    2.119    4.555
    8.655   11.803   12.583   12.583   12.679   13.125   13.468   13.468   15.617   16.402
   17.491   17.942
            0.000000  0.000000  0.013044
  -40.019  -39.981  -16.316  -16.121  -16.121  -15.975  -15.975  -15.925    2.121    4.551
    8.660   11.802   12.580   12.580   12.676   13.123   13.472   13.472   15.618   16.401
   17.496   17.938
            0.000000  0.000000  0.019566
  -40.019  -39.981  -16.315  -16.121  -16.121  -15.975  -15.975  -15.926    2.123    4.545
    8.668   11.800   12.575   12.575   12.672   13.120   13.479   13.479   15.619   16.400
   17.504   17.932
            0.000000  0.000000  0.026088
  -40.019  -39.981  -16.314  -16.121  -16.121  -15.975  -15.975  -15.927    2.127    4.537
    8.680   11.797   12.568   12.568   12.667   13.116   13.488   13.488   15.621   16.398
   17.515   17.923
            0.000000  0.000000  0.032610
  -40.019  -39.981  -16.313  -16.121  -16.121  -15.975  -15.975  -15.928    2.132    4.526
    8.695   11.793   12.560   12.560   12.660   13.110   13.500   13.500   15.623   16.395
   17.529   17.913
            0.000000  0.000000  0.039131
  -40.019  -39.981  -16.312  -16.122  -16.122  -15.975  -15.975  -15.929    2.138    4.512
    8.712   11.788   12.550   12.550   12.652   13.103   13.514   13.514   15.625   16.392
   17.546   17.899
            0.000000  0.000000  0.045653
  -40.018  -39.981  -16.311  -16.122  -16.122  -15.975  -15.975  -15.931    2.145    4.497
    8.734   11.783   12.539   12.539   12.643   13.094   13.530   13.530   15.628   16.389
   17.566   17.884
            0.000000  0.000000  0.052175
  -40.018  -39.981  -16.309  -16.122  -16.122  -15.975  -15.975  -15.933    2.153    4.479
    8.758   11.777   12.526   12.526   12.632   13.085   13.547   13.547   15.631   16.385
   17.589   17.868
            0.000000  0.000000  0.058697
  -40.018  -39.982  -16.307  -16.122  -16.122  -15.975  -15.975  -15.935    2.162    4.459
    8.785   11.770   12.513   12.513   12.620   13.073   13.567   13.567   15.634   16.380
   17.614   17.849
            0.000000  0.000000  0.065219
  -40.018  -39.982  -16.305  -16.122  -16.122  -15.974  -15.974  -15.937    2.172    4.438
    8.815   11.762   12.498   12.498   12.607   13.060   13.588   13.588   15.638   16.375
   17.642   17.829
            0.000000  0.000000  0.071741
  -40.018  -39.982  -16.302  -16.122  -16.122  -15.974  -15.974  -15.939    2.184    4.414
    8.847   11.754   12.483   12.483   12.593   13.046   13.610   13.610   15.643   16.370
   17.673   17.808
            0.000000  0.000000  0.078263
  -40.017  -39.982  -16.300  -16.123  -16.123  -15.974  -15.974  -15.942    2.196    4.388
    8.882   11.745   12.468   12.468   12.578   13.029   13.633   13.633   15.647   16.363
   17.705   17.785
            0.000000  0.000000  0.084785
  -40.017  -39.983  -16.297  -16.123  -16.123  -15.974  -15.974  -15.945    2.209    4.361
    8.920   11.735   12.452   12.452   12.562   13.011   13.658   13.658   15.652   16.357
   17.739   17.762
            0.000000  0.000000  0.091307
  -40.017  -39.983  -16.294  -16.123  -16.123  -15.973  -15.973  -15.948    2.223    4.332
    8.960   11.725   12.436   12.436   12.546   12.991   13.683   13.683   15.658   16.350
   17.737   17.737
            0.000000  0.000000  0.097829
  -40.016  -39.983  -16.291  -16.123  -16.123  -15.973  -15.973  -15.952    2.239    4.302
    9.003   11.715   12.419   12.419   12.529   12.970   13.709   13.709   15.664   16.342
   17.712   17.712
            0.000000  0.000000  0.104351
  -40.016  -39.984  -16.287  -16.124  -16.124  -15.973  -15.973  -15.955    2.255    4.270
    9.048   11.703   12.403   12.403   12.511   12.946   13.735   13.735   15.670   16.334
   17.686   17.686
            0.000000  0.000000  0.110872
  -40.016  -39.984  -16.284  -16.124  -16.124  -15.973  -15.973  -15.959    2.272    4.237
    9.094   11.691   12.386   12.386   12.492   12.921   13.762   13.762   15.677   16.326
   17.660   17.660
            0.000000  0.000000  0.117394
  -40.015  -39.984  -16.280  -16.124  -16.124  -15.972  -15.972  -15.963    2.291    4.203
    9.143   11.679   12.370   12.370   12.474   12.894   13.789   13.789   15.684   16.317
   17.633   17.633
            0.000000  0.000000  0.123916
  -40.015  -39.985  -16.276  -16.125  -16.125  -15.972  -15.972  -15.968    2.310    4.168
    9.194   11.666   12.354   12.354   12.455   12.865   13.817   13.817   15.691   16.308
   17.606   17.606
            0.000000  0.000000  0.130438
  -40.015  -39.985  -16.272  -16.125  -16.125  -15.972  -15.972  -15.972    2.330    4.131
    9.246   11.653   12.338   12.338   12.435   12.835   13.844   13.844   15.699   16.299
   17.579   17.579
            0.000000  0.000000  0.136960
  -40.014  -39.986  -16.267  -16.125  -16.125  -15.977  -15.971  -15.971    2.352    4.094
    9.300   11.638   12.322   12.322   12.416   12.803   13.872   13.872   15.707   16.289
   17.552   17.552
            0.000000  0.000000  0.143482
  -40.014  -39.986  -16.263  -16.125  -16.125  -15.981  -15.971  -15.971    2.374    4.056
    9.356   11.624   12.306   12.306   12.397   12.769   13.899   13.899   15.716   16.278
   17.525   17.525
            0.000000  0.000000  0.150004
  -40.013  -39.987  -16.258  -16.126  -16.126  -15.986  -15.971  -15.971    2.397    4.017
    9.413   11.608   12.292   12.292   12.378   12.735   13.926   13.926   15.725   16.268
   17.498   17.498
            0.000000  0.000000  0.156526
  -40.013  -39.987  -16.253  -16.126  -16.126  -15.991  -15.971  -15.971    2.421    3.978
    9.472   11.592   12.277   12.277   12.359   12.699   13.953   13.953   15.734   16.257
   17.471   17.471
            0.000000  0.000000  0.163048
  -40.012  -39.988  -16.248  -16.126  -16.126  -15.997  -15.970  -15.970    2.446    3.938
    9.531   11.574   12.263   12.263   12.340   12.662   13.980   13.980   15.743   16.246
   17.445   17.445
            0.000000  0.000000  0.169570
  -40.012  -39.988  -16.243  -16.127  -16.127  -16.002  -15.970  -15.970    2.472    3.897
    9.592   11.556   12.249   12.249   12.321   12.624   14.006   14.006   15.753   16.234
   17.419   17.419
            0.000000  0.000000  0.176092
  -40.011  -39.989  -16.238  -16.127  -16.127  -16.008  -15.970  -15.970    2.499    3.856
    9.654   11.537   12.236   12.236   12.303   12.586   14.031   14.031   15.763   16.222
   17.393   17.393
            0.000000  0.000000  0.182614
  -40.011  -39.989  -16.232  -16.127  -16.127  -16.013  -15.969  -15.969    2.526    3.815
    9.717   11.516   12.224   12.224   12.286   12.548   14.056   14.056   15.773   16.210
   17.369   17.369
            0.000000  0.000000  0.189135
  -40.010  -39.990  -16.227  -16.127  -16.127  -16.019  -15.969  -15.969    2.555    3.773
    9.781   11.494   12.212   12.212   12.269   12.510   14.080   14.080   15.784   16.198
   17.345   17.345
            0.000000  0.000000  0.195657
  -40.009  -39.990  -16.221  -16.128  -16.128  -16.025  -15.969  -15.969    2.584    3.731
    9.845   11.470   12.201   12.201   12.252   12.473   14.103   14.103   15.795   16.185
   17.321   17.321
            0.000000  0.000000  0.202179
  -40.009  -39.991  -16.215  -16.128  -16.128  -16.031  -15.969  -15.969    2.614    3.689
    9.910   11.444   12.190   12.190   12.236   12.436   14.125   14.125   15.806   16.173
   17.299   17.299
            0.000000  0.000000  0.208701
  -40.008  -39.991  -16.209  -16.128  -16.128  -16.037  -15.968  -15.968    2.645    3.647
    9.976   11.416   12.180   12.180   12.222   12.400   14.147   14.147   15.818   16.160
   17.278   17.278
            0.000000  0.000000  0.215223
  -40.008  -39.992  -16.203  -16.128  -16.128  -16.044  -15.968  -15.968    2.677    3.605
   10.042   11.386   12.171   12.171   12.208   12.366   14.167   14.167   15.829   16.147
   17.258   17.258
            0.000000  0.000000  0.221745
  -40.007  -39.993  -16.197  -16.128  -16.128  -16.050  -15.968  -15.968    2.709    3.562
   10.108   11.353   12.163   12.163   12.195   12.334   14.185   14.185   15.841   16.133
   17.239   17.239
            0.000000  0.000000  0.228267
  -40.006  -39.993  -16.190  -16.129  -16.129  -16.057  -15.968  -15.968    2.742    3.520
   10.175   11.318   12.155   12.155   12.183   12.303   14.203   14.203   15.853   16.120
   17.221   17.221
            0.000000  0.000000  0.234789
  -40.006  -39.994  -16.184  -16.129  -16.129  -16.063  -15.968  -15.968    2.776    3.478
   10.242   11.280   12.148   12.148   12.172   12.275   14.219   14.219   15.866   16.107
   17.205   17.205
            0.000000  0.000000  0.241311
  -40.005  -39.995  -16.177  -16.129  -16.129  -16.070  -15.967  -15.967    2.811    3.436
   10.308   11.240   12.141   12.141   12.162   12.249   14.234   14.234   15.878   16.093
   17.190   17.190
            0.000000  0.000000  0.247833
  -40.005  -39.995  -16.171  -16.129  -16.129  -16.076  -15.967  -15.967    2.846    3.394
   10.375   11.196   12.135   12.135   12.153   12.226   14.247   14.247   15.891   16.080
   17.177   17.177
            0.000000  0.000000  0.254355
  -40.004  -39.996  -16.164  -16.129  -16.129  -16.083  -15.967  -15.967    2.882    3.352
   10.441   11.150   12.130   12.130   12.146   12.206   14.258   14.258   15.904   16.066
   17.166   17.166
            0.000000  0.000000  0.260876
  -40.003  -39.997  -16.158  -16.129  -16.129  -16.090  -15.967  -15.967    2.918    3.311
   10.507   11.101   12.126   12.126   12.140   12.188   14.268   14.268   15.917   16.052
   17.156   17.156
            0.000000  0.000000  0.267398
  -40.003  -39.997  -16.151  -16.129  -16.129  -16.097  -15.967  -15.967    2.955    3.270
   10.572   11.050   12.123   12.123   12.136   12.173   14.276   14.276   15.930   16.038
   17.147   17.147
            0.000000  0.000000  0.273920
  -40.002  -39.998  -16.144  -16.129  -16.129  -16.103  -15.967  -15.967    2.993    3.229
   10.637   10.996   12.120   12.120   12.134   12.161   14.283   14.283   15.943   16.025
   17.141   17.141
            0.000000  0.000000  0.280442
  -40.001  -39.999  -16.137  -16.129  -16.129  -16.110  -15.967  -15.967    3.031    3.188
   10.700   10.941   12.118   12.118   12.133   12.151   14.287   14.287   15.957   16.011
   17.136   17.136
            0.000000  0.000000  0.286964
  -40.001  -39.999  -16.130  -16.129  -16.129  -16.117  -15.967  -15.967    3.070    3.148
   10.762   10.883   12.117   12.117   12.134   12.143   14.290   14.290   15.970   15.997
   17.134   17.134
            0.000000  0.000000  0.293486
  -40.000  -40.000  -16.129  -16.129  -16.124  -16.124  -15.967  -15.967    3.109    3.109
   10.823   10.823   12.117   12.117   12.138   12.138   14.291   14.291   15.984   15.984
   17.133   17.133
            0.006092  0.000000  0.293486
  -40.000  -40.000  -16.130  -16.130  -16.124  -16.123  -15.967  -15.967    3.109    3.109
   10.823   10.824   12.094   12.117   12.137   12.161   14.288   14.291   15.982   15.987
   17.131   17.133
            0.012185  0.000000  0.293486
  -40.000  -40.000  -16.131  -16.129  -16.124  -16.122  -15.967  -15.967    3.110    3.111
   10.822   10.824   12.064   12.117   12.134   12.192   14.281   14.293   15.977   15.996
   17.127   17.133
            0.018277  0.000000  0.293486
  -40.000  -40.000  -16.133  -16.129  -16.124  -16.121  -15.967  -15.967    3.112    3.113
   10.819   10.825   12.033   12.118   12.130   12.224   14.268   14.295   15.969   16.010
   17.119   17.134
            0.024370  0.000000  0.293486
  -40.000  -40.000  -16.135  -16.129  -16.124  -16.120  -15.968  -15.967    3.114    3.116
   10.816   10.827   12.003   12.119   12.124   12.256   14.250   14.299   15.958   16.030
   17.109   17.135
            0.030462  0.000000  0.293486
  -40.000  -40.000  -16.137  -16.129  -16.124  -16.118  -15.969  -15.966    3.117    3.120
   10.811   10.829   11.973   12.117   12.120   12.288   14.228   14.303   15.943   16.055
   17.097   17.137
            0.036554  0.000000  0.293486
  -40.000  -40.000  -16.139  -16.129  -16.123  -16.117  -15.970  -15.966    3.121    3.125
   10.806   10.831   11.944   12.108   12.122   12.321   14.202   14.309   15.926   16.085
   17.081   17.139
            0.042647  0.000000  0.293486
  -40.000  -39.999  -16.142  -16.129  -16.123  -16.116  -15.971  -15.966    3.125    3.131
   10.800   10.834   11.915   12.098   12.124   12.354   14.173   14.315   15.906   16.119
   17.063   17.141
            0.048739  0.000000  0.293486
  -40.000  -39.999  -16.144  -16.129  -16.123  -16.115  -15.972  -15.966    3.131    3.137
   10.792   10.837   11.886   12.087   12.126   12.386   14.140   14.323   15.883   16.157
   17.043   17.144
            0.054832  0.000000  0.293486
  -40.000  -39.999  -16.147  -16.129  -16.123  -16.114  -15.973  -15.966    3.136    3.145
   10.783   10.840   11.858   12.075   12.128   12.419   14.105   14.331   15.858   16.198
   17.021   17.147
            0.060924  0.000000  0.293486
  -39.999  -39.999  -16.150  -16.129  -16.123  -16.113  -15.975  -15.966    3.143    3.153
   10.773   10.844   11.830   12.062   12.131   12.452   14.067   14.341   15.830   16.242
   16.997   17.150
            0.067016  0.000000  0.293486
  -39.999  -39.999  -16.153  -16.128  -16.123  -16.112  -15.976  -15.966    3.150    3.163
   10.762   10.847   11.802   12.049   12.134   12.484   14.027   14.352   15.801   16.288
   16.970   17.154
            0.073109  0.000000  0.293486
  -39.999  -39.999  -16.156  -16.128  -16.123  -16.111  -15.978  -15.966    3.158    3.173
   10.750   10.851   11.775   12.035   12.137   12.517   13.986   14.364   15.770   16.336
   16.943   17.159
            0.079201  0.000000  0.293485
  -39.999  -39.999  -16.159  -16.128  -16.123  -16.110  -15.980  -15.965    3.166    3.184
   10.736   10.855   11.747   12.021   12.140   12.549   13.943   14.378   15.737   16.386
   16.914   17.164
            0.085294  0.000000  0.293485
  -39.999  -39.998  -16.162  -16.128  -16.123  -16.109  -15.982  -15.965    3.175    3.195
   10.721   10.858   11.720   12.007   12.143   12.581   13.899   14.393   15.703   16.437
   16.883   17.170
            0.091386  0.000000  0.293485
  -39.999  -39.998  -16.165  -16.127  -16.123  -16.108  -15.984  -15.965    3.185    3.208
   10.705   10.862   11.693   11.993   12.147   12.614   13.854   14.409   15.667   16.488
   16.851   17.177
            0.097478  0.000000  0.293485
  -39.999  -39.998  -16.169  -16.127  -16.123  -16.107  -15.986  -15.965    3.195    3.221
   10.688   10.864   11.665   11.980   12.151   12.645   13.808   14.426   15.631   16.540
   16.819   17.186
            0.103571  0.000000  0.293485
  -39.999  -39.998  -16.172  -16.127  -16.123  -16.106  -15.989  -15.964    3.206    3.236
   10.669   10.867   11.638   11.968   12.154   12.677   13.762   14.445   15.593   16.591
   16.785   17.197
            0.109663  0.000000  0.293485
  -39.998  -39.997  -16.176  -16.126  -16.123  -16.105  -15.991  -15.964    3.217    3.251
   10.650   10.868   11.611   11.957   12.158   12.709   13.715   14.465   15.555   16.641
   16.751   17.209
            0.115756  0.000000  0.293485
  -39.998  -39.997  -16.180  -16.126  -16.123  -16.105  -15.994  -15.964    3.229    3.266
   10.629   10.868   11.584   11.947   12.162   12.740   13.668   14.487   15.516   16.689
   16.716   17.225
            0.121848  0.000000  0.293485
  -39.998  -39.997  -16.184  -16.126  -16.123  -16.104  -15.996  -15.964    3.242    3.283
   10.607   10.866   11.558   11.939   12.167   12.771   13.621   14.510   15.476   16.680
   16.734   17.244
            0.127940  0.000000  0.293485
  -39.998  -39.997  -16.188  -16.125  -16.124  -16.103  -15.999  -15.963    3.255    3.300
   10.584   10.863   11.532   11.932   12.171   12.801   13.575   14.534   15.437   16.644
   16.775   17.268
            0.134033  0.000000  0.293485
  -39.998  -39.996  -16.192  -16.125  -16.124  -16.102  -16.002  -15.963    3.269    3.318
   10.560   10.857   11.508   11.926   12.175   12.831   13.528   14.560   15.397   16.607
   16.812   17.297
            0.140125  0.000000  0.293485
  -39.998  -39.996  -16.197  -16.124  -16.124  -16.101  -16.005  -15.963    3.284    3.337
   10.535   10.848   11.486   11.922   12.179   12.861   13.482   14.587   15.357   16.571
   16.845   17.331
            0.146218  0.000000  0.293485
  -39.997  -39.996  -16.201  -16.125  -16.124  -16.100  -16.008  -15.962    3.298    3.356
   10.509   10.835   11.466   11.919   12.183   12.891   13.436   14.615   15.317   16.534
   16.872   17.371
            0.152310  0.000000  0.293485
  -39.997  -39.995  -16.205  -16.125  -16.124  -16.100  -16.011  -15.962    3.314    3.376
   10.483   10.819   11.449   11.917   12.186   12.920   13.390   14.645   15.277   16.497
   16.894   17.416
            0.158402  0.000000  0.293485
  -39.997  -39.995  -16.210  -16.126  -16.123  -16.099  -16.013  -15.962    3.330    3.397
   10.456   10.798   11.436   11.916   12.190   12.949   13.346   14.677   15.238   16.460
   16.911   17.466
            0.164495  0.000000  0.293485
  -39.997  -39.995  -16.215  -16.126  -16.123  -16.098  -16.016  -15.961    3.346    3.418
   10.429   10.773   11.425   11.917   12.193   12.977   13.301   14.709   15.198   16.424
   16.925   17.521
            0.170587  0.000000  0.293485
  -39.997  -39.994  -16.219  -16.127  -16.122  -16.097  -16.019  -15.961    3.363    3.440
   10.401   10.744   11.419   11.918   12.196   13.005   13.258   14.743   15.160   16.387
   16.935   17.579
            0.176680  0.000000  0.293485
  -39.997  -39.994  -16.224  -16.128  -16.122  -16.096  -16.022  -15.961    3.381    3.463
   10.373   10.711   11.416   11.920   12.199   13.033   13.215   14.778   15.122   16.351
   16.942   17.639
            0.182772  0.000000  0.293485
  -39.996  -39.993  -16.229  -16.129  -16.121  -16.096  -16.025  -15.960    3.399    3.486
   10.344   10.673   11.417   11.923   12.201   13.060   13.173   14.815   15.084   16.315
   16.947   17.702
            0.188864  0.000000  0.293485
  -39.996  -39.993  -16.234  -16.130  -16.121  -16.095  -16.028  -15.960    3.417    3.509
   10.315   10.633   11.420   11.926   12.203   13.086   13.133   14.852   15.047   16.280
   16.951   17.718
            0.194957  0.000000  0.293485
  -39.996  -39.993  -16.239  -16.131  -16.120  -16.094  -16.030  -15.959    3.436    3.533
   10.286   10.589   11.427   11.930   12.204   13.093   13.112   14.891   15.011   16.244
   16.952   17.675
            0.201049  0.000000  0.293485
  -39.996  -39.992  -16.244  -16.132  -16.120  -16.094  -16.032  -15.959    3.455    3.558
   10.257   10.542   11.436   11.934   12.204   13.054   13.138   14.931   14.976   16.210
   16.952   17.634
            0.207142  0.000000  0.293485
  -39.996  -39.992  -16.249  -16.133  -16.119  -16.094  -16.035  -15.959    3.475    3.583
   10.227   10.493   11.447   11.938   12.204   13.017   13.162   14.942   14.971   16.176
   16.951   17.594
            0.213234  0.000000  0.293485
  -39.995  -39.991  -16.254  -16.135  -16.119  -16.093  -16.037  -15.958    3.495    3.608
   10.198   10.441   11.460   11.942   12.203   12.981   13.186   14.908   15.013   16.143
   16.950   17.555
            0.219326  0.000000  0.293485
  -39.995  -39.991  -16.259  -16.136  -16.118  -16.093  -16.039  -15.958    3.516    3.634
   10.168   10.389   11.475   11.947   12.200   12.947   13.210   14.876   15.055   16.111
   16.947   17.518
            0.225419  0.000000  0.293485
  -39.995  -39.991  -16.264  -16.138  -16.118  -16.093  -16.040  -15.957    3.536    3.660
   10.139   10.335   11.492   11.951   12.197   12.914   13.232   14.845   15.098   16.080
   16.943   17.483
            0.231511  0.000000  0.293485
  -39.995  -39.990  -16.269  -16.140  -16.117  -16.093  -16.042  -15.957    3.558    3.687
   10.109   10.280   11.510   11.955   12.192   12.883   13.254   14.815   15.142   16.050
   16.939   17.449
            0.237604  0.000000  0.293484
  -39.994  -39.990  -16.274  -16.142  -16.117  -16.093  -16.043  -15.957    3.579    3.714
   10.079   10.224   11.529   11.959   12.187   12.854   13.275   14.786   15.185   16.021
   16.934   17.418
            0.243696  0.000000  0.293484
  -39.994  -39.989  -16.279  -16.144  -16.116  -16.094  -16.044  -15.956    3.601    3.741
   10.048   10.169   11.549   11.963   12.179   12.826   13.295   14.759   15.229   15.994
   16.928   17.389
            0.249788  0.000000  0.293484
  -39.994  -39.989  -16.284  -16.146  -16.115  -16.094  -16.044  -15.956    3.623    3.768
   10.016   10.115   11.571   11.966   12.171   12.800   13.315   14.732   15.272   15.970
   16.922   17.362
            0.255881  0.000000  0.293484
  -39.994  -39.988  -16.290  -16.149  -16.115  -16.095  -16.044  -15.955    3.645    3.796
    9.981   10.064   11.593   11.969   12.161   12.777   13.333   14.708   15.313   15.948
   16.915   17.338
            0.261973  0.000000  0.293484
  -39.994  -39.988  -16.295  -16.151  -16.114  -16.096  -16.044  -15.955    3.668    3.823
    9.940   10.018   11.616   11.971   12.150   12.755   13.350   14.684   15.353   15.929
   16.908   17.316
            0.268066  0.000000  0.293484
  -39.993  -39.987  -16.300  -16.154  -16.114  -16.097  -16.044  -15.955    3.691    3.851
    9.893    9.979   11.640   11.973   12.137   12.735   13.366   14.662   15.390   15.915
   16.900   17.297
            0.274158  0.000000  0.293484
  -39.993  -39.987  -16.305  -16.157  -16.113  -16.098  -16.044  -15.954    3.714    3.878
    9.841    9.946   11.665   11.974   12.123   12.716   13.381   14.641   15.423   15.906
   16.891   17.280
            0.280250  0.000000  0.293484
  -39.993  -39.986  -16.310  -16.160  -16.113  -16.099  -16.043  -15.954    3.737    3.906
    9.786    9.916   11.690   11.974   12.107   12.700   13.395   14.622   15.450   15.905
   16.883   17.266
            0.286343  0.000000  0.293484
  -39.993  -39.986  -16.315  -16.163  -16.112  -16.100  -16.042  -15.953    3.761    3.934
    9.729    9.889   11.715   11.974   12.091   12.684   13.408   14.605   15.470   15.912
   16.873   17.255
            0.292435  0.000000  0.293484
  -39.993  -39.986  -16.319  -16.166  -16.111  -16.101  -16.041  -15.953    3.784    3.961
    9.672    9.863   11.741   11.974   12.074   12.671   13.420   14.589   15.483   15.928
   16.863   17.247
            0.298528  0.000000  0.293484
  -39.993  -39.985  -16.324  -16.169  -16.111  -16.102  -16.040  -15.952    3.808    3.988
    9.615    9.838   11.766   11.973   12.055   12.659   13.430   14.574   15.488   15.953
   16.853   17.242
            0.304620  0.000000  0.293484
  -39.992  -39.985  -16.329  -16.172  -16.110  -16.104  -16.039  -15.952    3.832    4.015
    9.558    9.814   11.792   11.972   12.036   12.647   13.439   14.561   15.486   15.985
   16.843   17.239
            0.310712  0.000000  0.293484
  -39.992  -39.984  -16.334  -16.175  -16.110  -16.105  -16.038  -15.952    3.856    4.042
    9.501    9.791   11.816   11.972   12.017   12.637   13.447   14.549   15.479   16.025
   16.831   17.240
            0.316805  0.000000  0.293484
  -39.992  -39.984  -16.338  -16.178  -16.109  -16.106  -16.037  -15.951    3.880    4.069
    9.445    9.769   11.838   11.973   11.997   12.628   13.454   14.539   15.468   16.069
   16.820   17.243
            0.322897  0.000000  0.293484
  -39.992  -39.983  -16.343  -16.181  -16.109  -16.107  -16.035  -15.951    3.904    4.094
    9.390    9.748   11.856   11.976   11.978   12.619   13.459   14.531   15.454   16.117
   16.808   17.249
            0.328990  0.000000  0.293484
  -39.992  -39.983  -16.347  -16.185  -16.109  -16.108  -16.034  -15.951    3.928    4.120
    9.335    9.727   11.869   11.956   11.988   12.612   13.463   14.524   15.438   16.167
   16.795   17.257
            0.335082  0.000000  0.293484
  -39.992  -39.982  -16.351  -16.188  -16.110  -16.108  -16.032  -15.950    3.953    4.145
    9.282    9.707   11.875   11.935   12.003   12.604   13.466   14.518   15.420   16.220
   16.783   17.268
            0.341174  0.000000  0.293484
  -39.992  -39.982  -16.356  -16.191  -16.111  -16.107  -16.030  -15.950    3.977    4.169
    9.229    9.688   11.875   11.915   12.025   12.598   13.467   14.514   15.402   16.275
   16.769   17.282
            0.347267  0.000000  0.293484
  -39.991  -39.982  -16.360  -16.194  -16.113  -16.107  -16.029  -15.950    4.001    4.193
    9.178    9.670   11.871   11.895   12.050   12.591   13.468   14.511   15.383   16.330
   16.756   17.297
            0.353359  0.000000  0.293484
  -39.991  -39.981  -16.364  -16.197  -16.114  -16.106  -16.027  -15.949    4.025    4.215
    9.129    9.652   11.863   11.875   12.078   12.585   13.468   14.510   15.363   16.387
   16.742   17.315
            0.359452  0.000000  0.293484
  -39.991  -39.981  -16.368  -16.200  -16.116  -16.106  -16.025  -15.949    4.049    4.237
    9.080    9.636   11.853   11.855   12.107   12.579   13.466   14.510   15.343   16.444
   16.727   17.334
            0.365544  0.000000  0.293484
  -39.991  -39.980  -16.371  -16.203  -16.117  -16.105  -16.023  -15.949    4.073    4.258
    9.034    9.620   11.836   11.841   12.138   12.574   13.464   14.511   15.323   16.501
   16.713   17.355
            0.371636  0.000000  0.293484
  -39.991  -39.980  -16.375  -16.206  -16.118  -16.105  -16.022  -15.948    4.097    4.278
    8.988    9.605   11.817   11.827   12.170   12.569   13.460   14.514   15.302   16.558
   16.698   17.376
            0.377729  0.000000  0.293484
  -39.991  -39.980  -16.378  -16.209  -16.120  -16.104  -16.020  -15.948    4.120    4.297
    8.945    9.590   11.799   11.813   12.202   12.564   13.456   14.518   15.281   16.615
   16.682   17.397
            0.383821  0.000000  0.293484
  -39.991  -39.979  -16.382  -16.212  -16.121  -16.104  -16.018  -15.948    4.144    4.314
    8.904    9.577   11.781   11.797   12.235   12.559   13.451   14.522   15.260   16.666
   16.672   17.418
            0.389914  0.000000  0.293483
  -39.991  -39.979  -16.385  -16.214  -16.123  -16.104  -16.016  -15.948    4.167    4.331
    8.864    9.564   11.764   11.780   12.268   12.555   13.446   14.528   15.239   16.650
   16.728   17.436
            0.396006  0.000000  0.293483
  -39.991  -39.978  -16.388  -16.217  -16.124  -16.103  -16.014  -15.948    4.191    4.346
    8.826    9.552   11.747   11.762   12.301   12.550   13.440   14.536   15.217   16.634
   16.783   17.452
            0.402098  0.000000  0.293483
  -39.991  -39.978  -16.391  -16.219  -16.126  -16.103  -16.012  -15.947    4.214    4.359
    8.791    9.541   11.732   11.743   12.335   12.546   13.433   14.544   15.196   16.617
   16.836   17.464
            0.408191  0.000000  0.293483
  -39.991  -39.978  -16.393  -16.222  -16.127  -16.103  -16.011  -15.947    4.236    4.371
    8.758    9.531   11.717   11.723   12.369   12.543   13.427   14.552   15.173   16.600
   16.888   17.471
            0.414283  0.000000  0.293483
  -39.991  -39.977  -16.396  -16.224  -16.129  -16.102  -16.009  -15.947    4.259    4.381
    8.727    9.522   11.702   11.703   12.403   12.539   13.420   14.562   15.151   16.582
   16.939   17.475
            0.420376  0.000000  0.293483
  -39.991  -39.977  -16.398  -16.226  -16.131  -16.102  -16.007  -15.947    4.281    4.390
    8.698    9.513   11.682   11.688   12.437   12.536   13.412   14.573   15.128   16.565
   16.986   17.477
            0.426468  0.000000  0.293483
  -39.991  -39.977  -16.400  -16.228  -16.132  -16.102  -16.005  -15.947    4.303    4.397
    8.672    9.505   11.660   11.676   12.471   12.533   13.405   14.584   15.105   16.547
   17.031   17.478
            0.432560  0.000000  0.293483
  -39.991  -39.976  -16.402  -16.230  -16.134  -16.101  -16.003  -15.947    4.324    4.403
    8.648    9.499   11.638   11.663   12.505   12.530   13.397   14.596   15.082   16.529
   17.073   17.478
            0.438653  0.000000  0.293483
  -39.991  -39.976  -16.404  -16.231  -16.135  -16.101  -16.001  -15.946    4.345    4.406
    8.627    9.493   11.615   11.652   12.528   12.540   13.390   14.609   15.058   16.510
   17.111   17.480
            0.444745  0.000000  0.293483
  -39.991  -39.976  -16.406  -16.233  -16.137  -16.101  -15.999  -15.946    4.366    4.408
    8.609    9.487   11.592   11.642   12.526   12.574   13.383   14.622   15.034   16.492
   17.144   17.482
            0.450838  0.000000  0.293483
  -39.991  -39.975  -16.407  -16.234  -16.138  -16.100  -15.997  -15.946    4.386    4.408
    8.593    9.483   11.569   11.632   12.525   12.607   13.376   14.636   15.010   16.473
   17.173   17.486
            0.456930  0.000000  0.293483
  -39.991  -39.975  -16.409  -16.235  -16.140  -16.100  -15.996  -15.946    4.399    4.413
    8.579    9.479   11.545   11.623   12.524   12.641   13.369   14.650   14.985   16.454
   17.198   17.491
            0.458587  0.000000  0.287839
  -39.991  -39.975  -16.409  -16.236  -16.141  -16.100  -15.995  -15.946    4.398    4.419
    8.576    9.478   11.539   11.621   12.524   12.651   13.367   14.654   14.978   16.448
   17.204   17.492
            0.460243  0.000000  0.282195
  -39.991  -39.975  -16.409  -16.236  -16.141  -16.100  -15.994  -15.946    4.393    4.427
    8.574    9.476   11.532   11.619   12.523   12.662   13.365   14.659   14.970   16.441
   17.210   17.493
            0.461900  0.000000  0.276552
  -39.991  -39.975  -16.410  -16.237  -16.141  -16.100  -15.994  -15.946    4.389    4.436
    8.573    9.473   11.524   11.616   12.523   12.675   13.362   14.666   14.960   16.431
   17.216   17.492
            0.463556  0.000000  0.270908
  -39.991  -39.975  -16.410  -16.237  -16.142  -16.100  -15.993  -15.946    4.384    4.444
    8.572    9.470   11.517   11.614   12.522   12.688   13.360   14.673   14.950   16.421
   17.222   17.491
            0.465213  0.000000  0.265264
  -39.991  -39.975  -16.410  -16.238  -16.142  -16.100  -15.993  -15.946    4.380    4.452
    8.572    9.466   11.510   11.612   12.521   12.703   13.357   14.681   14.940   16.408
   17.227   17.489
            0.466869  0.000000  0.259620
  -39.991  -39.975  -16.410  -16.238  -16.142  -16.100  -15.992  -15.946    4.376    4.460
    8.573    9.461   11.502   11.610   12.520   12.718   13.355   14.690   14.928   16.395
   17.233   17.486
            0.468526  0.000000  0.253976
  -39.991  -39.975  -16.410  -16.239  -16.143  -16.100  -15.992  -15.946    4.372    4.467
    8.574    9.456   11.495   11.609   12.519   12.735   13.352   14.700   14.916   16.380
   17.238   17.483
            0.470182  0.000000  0.248332
  -39.992  -39.974  -16.410  -16.240  -16.143  -16.100  -15.991  -15.946    4.368    4.474
    8.576    9.450   11.488   11.607   12.518   12.751   13.349   14.711   14.903   16.365
   17.243   17.480
            0.471839  0.000000  0.242688
  -39.992  -39.974  -16.410  -16.240  -16.143  -16.100  -15.990  -15.946    4.364    4.481
    8.579    9.443   11.481   11.605   12.517   12.769   13.346   14.722   14.890   16.348
   17.248   17.476
            0.473495  0.000000  0.237045
  -39.992  -39.974  -16.411  -16.241  -16.143  -16.100  -15.990  -15.946    4.361    4.487
    8.582    9.437   11.474   11.604   12.516   12.786   13.343   14.734   14.877   16.331
   17.252   17.472
            0.475152  0.000000  0.231401
  -39.992  -39.974  -16.411  -16.242  -16.143  -16.100  -15.989  -15.946    4.358    4.493
    8.585    9.429   11.468   11.602   12.515   12.803   13.340   14.746   14.864   16.313
   17.256   17.467
            0.476808  0.000000  0.225757
  -39.992  -39.974  -16.411  -16.243  -16.143  -16.100  -15.989  -15.946    4.355    4.498
    8.589    9.422   11.462   11.601   12.513   12.821   13.338   14.758   14.850   16.295
   17.260   17.463
            0.478465  0.000000  0.220113
  -39.992  -39.974  -16.411  -16.243  -16.143  -16.100  -15.988  -15.946    4.352    4.503
    8.593    9.414   11.456   11.600   12.512   12.838   13.335   14.771   14.837   16.277
   17.263   17.459
            0.480122  0.000000  0.214469
  -39.992  -39.974  -16.411  -16.244  -16.143  -16.099  -15.988  -15.946    4.349    4.508
    8.597    9.407   11.451   11.599   12.511   12.855   13.332   14.783   14.823   16.258
   17.266   17.454
            0.481778  0.000000  0.208825
  -39.992  -39.974  -16.411  -16.245  -16.143  -16.099  -15.987  -15.946    4.347    4.512
    8.601    9.399   11.446   11.598   12.509   12.871   13.330   14.795   14.811   16.241
   17.268   17.450
            0.483435  0.000000  0.203181
  -39.992  -39.974  -16.411  -16.246  -16.143  -16.099  -15.987  -15.946    4.345    4.516
    8.606    9.392   11.441   11.597   12.508   12.887   13.328   14.798   14.808   16.223
   17.270   17.447
            0.485091  0.000000  0.197538
  -39.992  -39.974  -16.411  -16.246  -16.143  -16.099  -15.987  -15.946    4.343    4.520
    8.610    9.385   11.437   11.596   12.507   12.901   13.326   14.786   14.819   16.207
   17.271   17.443
            0.486748  0.000000  0.191894
  -39.992  -39.974  -16.411  -16.247  -16.143  -16.099  -15.986  -15.946    4.341    4.523
    8.614    9.378   11.434   11.595   12.506   12.915   13.324   14.775   14.830   16.191
   17.273   17.440
            0.488404  0.000000  0.186250
  -39.992  -39.974  -16.411  -16.247  -16.143  -16.099  -15.986  -15.946    4.339    4.525
    8.618    9.371   11.430   11.594   12.505   12.927   13.322   14.765   14.840   16.177
   17.274   17.438
            0.490061  0.000000  0.180606
  -39.992  -39.974  -16.411  -16.248  -16.143  -16.099  -15.986  -15.946    4.338    4.528
    8.622    9.366   11.428   11.594   12.504   12.938   13.321   14.756   14.850   16.164
   17.274   17.435
            0.491717  0.000000  0.174962
  -39.992  -39.974  -16.411  -16.248  -16.143  -16.099  -15.985  -15.946    4.337    4.530
    8.625    9.361   11.425   11.593   12.503   12.948   13.320   14.748   14.858   16.152
   17.275   17.433
            0.493374  0.000000  0.169318
  -39.992  -39.974  -16.411  -16.249  -16.143  -16.099  -15.985  -15.946    4.336    4.531
    8.628    9.356   11.423   11.593   12.503   12.956   13.319   14.742   14.865   16.143
   17.275   17.432
            0.495030  0.000000  0.163675
  -39.992  -39.974  -16.411  -16.249  -16.143  -16.099  -15.985  -15.946    4.335    4.533
    8.630    9.353   11.422   11.593   12.502   12.962   13.318   14.736   14.870   16.135
   17.275   17.431
            0.496687  0.000000  0.158031
  -39.992  -39.974  -16.411  -16.249  -16.143  -16.099  -15.985  -15.946    4.335    4.534
    8.632    9.350   11.421   11.593   12.502   12.966   13.318   14.733   14.874   16.129
   17.275   17.430
            0.498343  0.000000  0.152387
  -39.992  -39.974  -16.411  -16.249  -16.143  -16.099  -15.985  -15.946    4.334    4.534
    8.633    9.349   11.420   11.592   12.501   12.969   13.318   14.730   14.877   16.126
   17.275   17.429
            0.500000  0.000000  0.146743
  -39.992  -39.974  -16.411  -16.249  -16.143  -16.099  -15.985  -15.946    4.334    4.534
    8.633    9.348   11.420   11.592   12.501   12.970   13.318   14.730   14.878   16.125
   17.275   17.429
            0.501657  0.000000  0.141099
  -39.992  -39.974  -16.411  -16.249  -16.143  -16.099  -15.985  -15.946    4.334    4.534
    8.633    9.349   11.420   11.592   12.501   12.969   13.318   14.730   14.877   16.126
   17.275   17.429
            0.503313  0.000000  0.135455
  -39.992  -39.974  -16.411  -16.249  -16.143  -16.099  -15.985  -15.946    4.335    4.534
    8.632    9.350   11.421   11.593   12.502   12.966   13.318   14.733   14.874   16.129
   17.275   17.430
            0.504970  0.000000  0.129811
  -39.992  -39.974  -16.411  -16.249  -16.143  -16.099  -15.985  -15.946    4.335    4.533
    8.630    9.353   11.422   11.593   12.502   12.962   13.318   14.736   14.870   16.135
   17.275   17.431
            0.506626  0.000000  0.124168
  -39.992  -39.974  -16.411  -16.249  -16.143  -16.099  -15.985  -15.946    4.336    4.531
    8.628    9.356   11.423   11.593   12.503   12.956   13.319   14.742   14.865   16.143
   17.275   17.432
            0.508283  0.000000  0.118524
  -39.992  -39.974  -16.411  -16.248  -16.143  -16.099  -15.985  -15.946    4.337    4.530
    8.625    9.361   11.425   11.593   12.503   12.948   13.320   14.748   14.858   16.152
   17.275   17.433
            0.509939  0.000000  0.112880
  -39.992  -39.974  -16.411  -16.248  -16.143  -16.099  -15.986  -15.946    4.338    4.528
    8.622    9.366   11.428   11.594   12.504   12.938   13.321   14.756   14.850   16.164
   17.274   17.435
            0.511596  0.000000  0.107236
  -39.992  -39.974  -16.411  -16.247  -16.143  -16.099  -15.986  -15.946    4.339    4.525
    8.618    9.371   11.430   11.594   12.505   12.927   13.322   14.765   14.840   16.177
   17.274   17.438
            0.513252  0.000000  0.101592
  -39.992  -39.974  -16.411  -16.247  -16.143  -16.099  -15.986  -15.946    4.341    4.523
    8.614    9.378   11.434   11.595   12.506   12.915   13.324   14.775   14.830   16.191
   17.273   17.440
            0.514909  0.000000  0.095948
  -39.992  -39.974  -16.411  -16.246  -16.143  -16.099  -15.987  -15.946    4.343    4.520
    8.610    9.385   11.437   11.596   12.507   12.901   13.326   14.786   14.819   16.207
   17.271   17.443
            0.516565  0.000000  0.090305
  -39.992  -39.974  -16.411  -16.246  -16.143  -16.099  -15.987  -15.946    4.345    4.516
    8.606    9.392   11.441   11.597   12.508   12.887   13.328   14.798   14.808   16.223
   17.270   17.447
            0.518222  0.000000  0.084661
  -39.992  -39.974  -16.411  -16.245  -16.143  -16.099  -15.987  -15.946    4.347    4.512
    8.601    9.399   11.446   11.598   12.509   12.871   13.330   14.795   14.811   16.241
   17.268   17.450
            0.519878  0.000000  0.079017
  -39.992  -39.974  -16.411  -16.244  -16.143  -16.099  -15.988  -15.946    4.349    4.508
    8.597    9.407   11.451   11.599   12.511   12.855   13.332   14.783   14.823   16.258
   17.266   17.454
            0.521535  0.000000  0.073373
  -39.992  -39.974  -16.411  -16.243  -16.143  -16.100  -15.988  -15.946    4.352    4.503
    8.593    9.414   11.456   11.600   12.512   12.838   13.335   14.771   14.837   16.277
   17.263   17.459
            0.523192  0.000000  0.067729
  -39.992  -39.974  -16.411  -16.243  -16.143  -16.100  -15.989  -15.946    4.355    4.498
    8.589    9.422   11.462   11.601   12.513   12.821   13.338   14.758   14.850   16.295
   17.260   17.463
            0.524848  0.000000  0.062085
  -39.992  -39.974  -16.411  -16.242  -16.143  -16.100  -15.989  -15.946    4.358    4.493
    8.585    9.429   11.468   11.602   12.515   12.803   13.340   14.746   14.864   16.313
   17.256   17.467
            0.526505  0.000000  0.056441
  -39.992  -39.974  -16.411  -16.241  -16.143  -16.100  -15.990  -15.946    4.361    4.487
    8.582    9.437   11.474   11.604   12.516   12.786   13.343   14.734   14.877   16.331
   17.252   17.472
            0.528161  0.000000  0.050798
  -39.992  -39.974  -16.410  -16.240  -16.143  -16.100  -15.990  -15.946    4.364    4.481
    8.579    9.443   11.481   11.605   12.517   12.769   13.346   14.722   14.890   16.348
   17.248   17.476
            0.529818  0.000000  0.045154
  -39.992  -39.974  -16.410  -16.240  -16.143  -16.100  -15.991  -15.946    4.368    4.474
    8.576    9.450   11.488   11.607   12.518   12.751   13.349   14.711   14.903   16.365
   17.243   17.480
            0.531474  0.000000  0.039510
  -39.991  -39.975  -16.410  -16.239  -16.143  -16.100  -15.992  -15.946    4.372    4.467
    8.574    9.456   11.495   11.609   12.519   12.735   13.352   14.700   14.916   16.380
   17.238   17.483
            0.533131  0.000000  0.033866
  -39.991  -39.975  -16.410  -16.238  -16.142  -16.100  -15.992  -15.946    4.376    4.460
    8.573    9.461   11.502   11.610   12.520   12.718   13.355   14.690   14.928   16.395
   17.233   17.486
            0.534787  0.000000  0.028222
  -39.991  -39.975  -16.410  -16.238  -16.142  -16.100  -15.993  -15.946    4.380    4.452
    8.572    9.466   11.510   11.612   12.521   12.703   13.357   14.681   14.940   16.408
   17.227   17.489
            0.536444  0.000000  0.022578
  -39.991  -39.975  -16.410  -16.237  -16.142  -16.100  -15.993  -15.946    4.384    4.444
    8.572    9.470   11.517   11.614   12.522   12.688   13.360   14.673   14.950   16.421
   17.222   17.491
            0.538100  0.000000  0.016934
  -39.991  -39.975  -16.410  -16.237  -16.141  -16.100  -15.994  -15.946    4.389    4.436
    8.573    9.473   11.524   11.616   12.523   12.675   13.362   14.666   14.960   16.431
   17.216   17.492
            0.539757  0.000000  0.011291
  -39.991  -39.975  -16.409  -16.236  -16.141  -16.100  -15.994  -15.946    4.393    4.427
    8.574    9.476   11.532   11.619   12.523   12.662   13.365   14.659   14.970   16.441
   17.210   17.493
            0.541413  0.000000  0.005647
  -39.991  -39.975  -16.409  -16.236  -16.141  -16.100  -15.995  -15.946    4.398    4.419
    8.576    9.478   11.539   11.621   12.524   12.651   13.367   14.654   14.978   16.448
   17.204   17.492
            0.543070  0.000000  0.000003
  -39.991  -39.975  -16.409  -16.235  -16.140  -16.100  -15.996  -15.946    4.399    4.413
    8.579    9.479   11.545   11.623   12.524   12.641   13.369   14.650   14.985   16.454
   17.198   17.491
            0.542144  0.004913  0.003158
  -39.991  -39.975  -16.409  -16.236  -16.140  -16.100  -15.995  -15.946    4.399    4.416
    8.578    9.479   11.536   11.627   12.523   12.646   13.368   14.648   14.986   16.450
   17.202   17.493
            0.541218  0.009826  0.006314
  -39.991  -39.975  -16.409  -16.236  -16.141  -16.100  -15.995  -15.946    4.397    4.420
    8.577    9.479   11.518   11.638   12.521   12.651   13.369   14.640   14.994   16.445
   17.208   17.495
            0.540291  0.014740  0.009469
  -39.991  -39.975  -16.409  -16.236  -16.141  -16.101  -15.995  -15.947    4.395    4.425
    8.577    9.479   11.496   11.652   12.519   12.655   13.370   14.627   15.009   16.437
   17.215   17.499
            0.539365  0.019653  0.012624
  -39.991  -39.975  -16.409  -16.236  -16.141  -16.101  -15.994  -15.947    4.393    4.431
    8.578    9.479   11.472   11.666   12.515   12.660   13.372   14.609   15.030   16.428
   17.224   17.503
            0.538439  0.024566  0.015779
  -39.991  -39.975  -16.409  -16.236  -16.141  -16.102  -15.994  -15.947    4.391    4.436
    8.579    9.479   11.446   11.680   12.511   12.663   13.375   14.588   15.056   16.417
   17.235   17.508
            0.537513  0.029479  0.018935
  -39.991  -39.975  -16.409  -16.237  -16.141  -16.102  -15.994  -15.948    4.389    4.442
    8.581    9.480   11.420   11.694   12.506   12.667   13.379   14.565   15.084   16.405
   17.247   17.514
            0.536586  0.034393  0.022090
  -39.991  -39.975  -16.409  -16.237  -16.141  -16.103  -15.994  -15.948    4.387    4.447
    8.584    9.481   11.394   11.707   12.500   12.669   13.384   14.541   15.115   16.392
   17.260   17.522
            0.535660  0.039306  0.025245
  -39.991  -39.975  -16.409  -16.237  -16.141  -16.104  -15.993  -15.949    4.386    4.453
    8.587    9.481   11.367   11.719   12.494   12.672   13.390   14.517   15.148   16.379
   17.273   17.530
            0.534734  0.044219  0.028401
  -39.991  -39.975  -16.409  -16.237  -16.142  -16.105  -15.993  -15.950    4.384    4.459
    8.592    9.482   11.340   11.730   12.488   12.673   13.396   14.492   15.182   16.364
   17.287   17.540
            0.533808  0.049132  0.031556
  -39.991  -39.974  -16.409  -16.237  -16.142  -16.106  -15.993  -15.951    4.383    4.465
    8.596    9.484   11.312   11.740   12.482   12.674   13.402   14.468   15.216   16.350
   17.302   17.550
            0.532881  0.054045  0.034711
  -39.991  -39.974  -16.409  -16.238  -16.142  -16.107  -15.993  -15.952    4.381    4.471
    8.602    9.485   11.285   11.749   12.475   12.674   13.410   14.444   15.252   16.335
   17.316   17.562
            0.531955  0.058959  0.037866
  -39.991  -39.974  -16.409  -16.238  -16.142  -16.108  -15.992  -15.953    4.380    4.477
    8.608    9.486   11.258   11.756   12.469   12.673   13.417   14.421   15.287   16.321
   17.330   17.576
            0.531029  0.063872  0.041022
  -39.991  -39.974  -16.408  -16.238  -16.142  -16.109  -15.992  -15.954    4.379    4.482
    8.615    9.487   11.231   11.762   12.463   12.671   13.425   14.398   15.323   16.307
   17.344   17.591
            0.530103  0.068785  0.044177
  -39.991  -39.974  -16.408  -16.238  -16.142  -16.111  -15.992  -15.955    4.379    4.488
    8.622    9.488   11.204   11.766   12.457   12.668   13.434   14.377   15.358   16.294
   17.358   17.607
            0.529176  0.073698  0.047332
  -39.990  -39.974  -16.408  -16.238  -16.142  -16.112  -15.992  -15.956    4.378    4.494
    8.630    9.489   11.177   11.770   12.452   12.664   13.443   14.356   15.392   16.283
   17.370   17.625
            0.528250  0.078612  0.050488
  -39.990  -39.974  -16.408  -16.238  -16.142  -16.113  -15.992  -15.957    4.378    4.500
    8.639    9.490   11.151   11.771   12.447   12.659   13.452   14.336   15.426   16.273
   17.382   17.644
            0.527324  0.083525  0.053643
  -39.990  -39.974  -16.407  -16.238  -16.142  -16.115  -15.992  -15.958    4.377    4.506
    8.648    9.491   11.125   11.772   12.443   12.653   13.462   14.317   15.459   16.265
   17.393   17.665
            0.526398  0.088438  0.056798
  -39.990  -39.973  -16.407  -16.239  -16.142  -16.116  -15.993  -15.960    4.377    4.512
    8.658    9.492   11.100   11.771   12.439   12.646   13.472   14.299   15.490   16.260
   17.404   17.686
            0.525472  0.093351  0.059953
  -39.990  -39.973  -16.407  -16.239  -16.143  -16.118  -15.993  -15.961    4.377    4.518
    8.668    9.493   11.076   11.769   12.435   12.637   13.482   14.281   15.519   16.257
   17.414   17.708
            0.524545  0.098265  0.063109
  -39.990  -39.973  -16.406  -16.239  -16.143  -16.119  -15.993  -15.962    4.377    4.524
    8.680    9.493   11.052   11.766   12.432   12.628   13.493   14.265   15.546   16.258
   17.423   17.730
            0.523619  0.103178  0.066264
  -39.990  -39.973  -16.406  -16.239  -16.144  -16.120  -15.994  -15.964    4.377    4.529
    8.691    9.493   11.028   11.761   12.429   12.617   13.504   14.249   15.571   16.262
   17.432   17.753
            0.522693  0.108091  0.069419
  -39.989  -39.973  -16.405  -16.239  -16.145  -16.122  -15.994  -15.965    4.378    4.535
    8.703    9.493   11.006   11.755   12.426   12.605   13.516   14.234   15.593   16.270
   17.440   17.775
            0.521767  0.113004  0.072575
  -39.989  -39.973  -16.405  -16.239  -16.146  -16.123  -15.995  -15.966    4.378    4.541
    8.716    9.492   10.984   11.749   12.424   12.592   13.528   14.220   15.612   16.282
   17.448   17.797
            0.520840  0.117917  0.075730
  -39.989  -39.973  -16.404  -16.239  -16.147  -16.123  -15.996  -15.967    4.379    4.547
    8.729    9.491   10.964   11.741   12.422   12.578   13.540   14.206   15.628   16.298
   17.456   17.818
            0.519914  0.122831  0.078885
  -39.989  -39.972  -16.404  -16.239  -16.149  -16.124  -15.997  -15.968    4.380    4.552
    8.743    9.489   10.944   11.733   12.419   12.563   13.553   14.193   15.642   16.318
   17.463   17.838
            0.518988  0.127744  0.082040
  -39.989  -39.972  -16.403  -16.239  -16.150  -16.124  -15.998  -15.969    4.381    4.558
    8.757    9.487   10.925   11.723   12.417   12.548   13.567   14.181   15.654   16.342
   17.470   17.856
            0.518062  0.132657  0.085196
  -39.988  -39.972  -16.403  -16.239  -16.152  -16.125  -15.999  -15.970    4.382    4.564
    8.772    9.485   10.907   11.713   12.414   12.531   13.581   14.168   15.664   16.370
   17.477   17.873
            0.517135  0.137570  0.088351
  -39.988  -39.972  -16.402  -16.238  -16.154  -16.125  -16.001  -15.971    4.383    4.569
    8.788    9.482   10.890   11.703   12.411   12.514   13.595   14.156   15.672   16.400
   17.484   17.887
            0.516209  0.142484  0.091506
  -39.988  -39.972  -16.402  -16.238  -16.157  -16.125  -16.003  -15.972    4.385    4.575
    8.803    9.479   10.874   11.692   12.406   12.497   13.610   14.145   15.679   16.434
   17.491   17.900
            0.515283  0.147397  0.094662
  -39.988  -39.972  -16.401  -16.238  -16.159  -16.125  -16.005  -15.972    4.386    4.580
    8.819    9.475   10.859   11.680   12.401   12.480   13.625   14.133   15.686   16.469
   17.497   17.911
            0.514357  0.152310  0.097817
  -39.987  -39.971  -16.401  -16.238  -16.162  -16.125  -16.006  -15.973    4.388    4.585
    8.836    9.471   10.845   11.668   12.394   12.464   13.641   14.122   15.692   16.506
   17.504   17.920
            0.513430  0.157223  0.100972
  -39.987  -39.971  -16.400  -16.238  -16.165  -16.124  -16.009  -15.974    4.389    4.590
    8.853    9.467   10.831   11.655   12.385   12.449   13.658   14.110   15.699   16.545
   17.510   17.928
            0.512504  0.162136  0.104128
  -39.987  -39.971  -16.399  -16.238  -16.168  -16.124  -16.011  -15.974    4.391    4.595
    8.871    9.462   10.819   11.642   12.373   12.436   13.674   14.099   15.706   16.586
   17.516   17.935
            0.511578  0.167050  0.107283
  -39.987  -39.971  -16.399  -16.238  -16.170  -16.124  -16.013  -15.975    4.393    4.600
    8.888    9.457   10.808   11.628   12.358   12.426   13.692   14.088   15.713   16.627
   17.522   17.941
            0.510652  0.171963  0.110438
  -39.986  -39.971  -16.398  -16.238  -16.173  -16.124  -16.016  -15.975    4.395    4.605
    8.907    9.451   10.797   11.614   12.341   12.417   13.709   14.077   15.721   16.669
   17.528   17.946
            0.509725  0.176876  0.113593
  -39.986  -39.970  -16.397  -16.237  -16.176  -16.123  -16.018  -15.975    4.397    4.610
    8.925    9.445   10.787   11.600   12.323   12.409   13.727   14.066   15.731   16.711
   17.533   17.951
            0.508799  0.181789  0.116749
  -39.986  -39.970  -16.397  -16.237  -16.179  -16.123  -16.021  -15.976    4.400    4.615
    8.944    9.440   10.778   11.586   12.303   12.401   13.745   14.055   15.741   16.753
   17.539   17.955
            0.507873  0.186703  0.119904
  -39.986  -39.970  -16.396  -16.237  -16.182  -16.122  -16.023  -15.976    4.402    4.619
    8.963    9.434   10.769   11.571   12.283   12.394   13.764   14.044   15.753   16.796
   17.544   17.958
            0.506947  0.191616  0.123059
  -39.985  -39.970  -16.395  -16.237  -16.185  -16.122  -16.026  -15.977    4.405    4.623
    8.982    9.428   10.760   11.555   12.263   12.386   13.783   14.034   15.766   16.838
   17.550   17.961
            0.506021  0.196529  0.126215
  -39.985  -39.970  -16.395  -16.237  -16.188  -16.121  -16.028  -15.977    4.407    4.628
    9.001    9.422   10.752   11.539   12.242   12.379   13.802   14.023   15.780   16.881
   17.555   17.964
            0.505094  0.201442  0.129370
  -39.985  -39.970  -16.394  -16.237  -16.191  -16.121  -16.031  -15.977    4.410    4.632
    9.020    9.416   10.745   11.523   12.222   12.371   13.821   14.013   15.796   16.922
   17.560   17.966
            0.504168  0.206355  0.132525
  -39.984  -39.969  -16.393  -16.238  -16.194  -16.121  -16.034  -15.978    4.413    4.636
    9.040    9.411   10.737   11.507   12.203   12.363   13.840   14.004   15.813   16.964
   17.565   17.967
            0.503242  0.211269  0.135680
  -39.984  -39.969  -16.393  -16.238  -16.197  -16.120  -16.036  -15.978    4.416    4.639
    9.059    9.406   10.730   11.489   12.184   12.354   13.859   13.995   15.832   17.004
   17.569   17.968
            0.502316  0.216182  0.138836
  -39.984  -39.969  -16.392  -16.238  -16.199  -16.120  -16.039  -15.978    4.419    4.643
    9.078    9.402   10.722   11.472   12.166   12.345   13.878   13.988   15.852   17.044
   17.574   17.967
            0.501389  0.221095  0.141991
  -39.983  -39.969  -16.391  -16.239  -16.202  -16.120  -16.042  -15.979    4.422    4.646
    9.096    9.398   10.715   11.454   12.148   12.336   13.895   13.982   15.873   17.082
   17.579   17.967
            0.500463  0.226008  0.145146
  -39.983  -39.969  -16.390  -16.240  -16.204  -16.120  -16.044  -15.979    4.425    4.650
    9.115    9.395   10.707   11.435   12.131   12.326   13.910   13.979   15.896   17.120
   17.583   17.965
            0.499537  0.230922  0.148302
  -39.983  -39.969  -16.390  -16.241  -16.205  -16.119  -16.046  -15.980    4.428    4.653
    9.132    9.394   10.699   11.416   12.116   12.317   13.920   13.982   15.920   17.156
   17.587   17.962
            0.498611  0.235835  0.151457
  -39.982  -39.969  -16.389  -16.243  -16.207  -16.119  -16.049  -15.980    4.432    4.655
    9.149    9.394   10.691   11.396   12.101   12.307   13.923   13.991   15.945   17.191
   17.592   17.959
            0.497684  0.240748  0.154612
  -39.982  -39.968  -16.388  -16.245  -16.208  -16.119  -16.051  -15.981    4.435    4.658
    9.164    9.396   10.682   11.376   12.087   12.296   13.922   14.006   15.972   17.225
   17.596   17.955
            0.496758  0.245661  0.157767
  -39.982  -39.968  -16.387  -16.247  -16.209  -16.120  -16.053  -15.981    4.439    4.661
    9.178    9.399   10.673   11.355   12.075   12.286   13.919   14.023   15.999   17.257
   17.600   17.950
            0.495832  0.250575  0.160923
  -39.981  -39.968  -16.387  -16.249  -16.210  -16.120  -16.055  -15.982    4.442    4.663
    9.191    9.405   10.663   11.334   12.063   12.276   13.915   14.042   16.028   17.288
   17.604   17.944
            0.494906  0.255488  0.164078
  -39.981  -39.968  -16.386  -16.252  -16.210  -16.120  -16.057  -15.982    4.446    4.665
    9.202    9.412   10.653   11.312   12.053   12.265   13.911   14.061   16.057   17.316
   17.608   17.938
            0.493979  0.260401  0.167233
  -39.980  -39.968  -16.385  -16.255  -16.210  -16.121  -16.059  -15.983    4.449    4.667
    9.212    9.422   10.642   11.289   12.043   12.254   13.908   14.081   16.088   17.344
   17.612   17.932
            0.493053  0.265314  0.170389
  -39.980  -39.968  -16.384  -16.258  -16.210  -16.121  -16.060  -15.984    4.453    4.669
    9.220    9.433   10.630   11.266   12.035   12.243   13.905   14.100   16.119   17.369
   17.617   17.925
            0.492127  0.270227  0.173544
  -39.980  -39.968  -16.384  -16.261  -16.210  -16.122  -16.062  -15.984    4.457    4.670
    9.228    9.447   10.618   11.243   12.028   12.233   13.902   14.120   16.151   17.392
   17.621   17.918
            0.491201  0.275141  0.176699
  -39.979  -39.967  -16.383  -16.264  -16.210  -16.123  -16.063  -15.985    4.461    4.671
    9.234    9.462   10.605   11.219   12.021   12.222   13.900   14.139   16.184   17.413
   17.626   17.911
            0.490275  0.280054  0.179854
  -39.979  -39.967  -16.382  -16.267  -16.210  -16.124  -16.064  -15.986    4.465    4.673
    9.240    9.478   10.592   11.195   12.016   12.212   13.899   14.159   16.218   17.432
   17.632   17.905
            0.489348  0.284967  0.183010
  -39.979  -39.967  -16.381  -16.271  -16.209  -16.126  -16.064  -15.986    4.469    4.674
    9.245    9.495   10.578   11.171   12.011   12.201   13.899   14.177   16.252   17.449
   17.638   17.899
            0.488422  0.289880  0.186165
  -39.978  -39.967  -16.381  -16.274  -16.209  -16.127  -16.065  -15.987    4.473    4.674
    9.251    9.513   10.563   11.146   12.008   12.191   13.899   14.196   16.287   17.464
   17.645   17.893
            0.487496  0.294794  0.189320
  -39.978  -39.967  -16.380  -16.277  -16.208  -16.129  -16.065  -15.988    4.477    4.675
    9.256    9.531   10.548   11.121   12.005   12.181   13.901   14.214   16.323   17.476
   17.652   17.888
            0.486570  0.299707  0.192476
  -39.977  -39.967  -16.379  -16.281  -16.208  -16.131  -16.065  -15.989    4.481    4.675
    9.261    9.549   10.532   11.096   12.003   12.171   13.903   14.231   16.359   17.487
   17.660   17.884
            0.485643  0.304620  0.195631
  -39.977  -39.967  -16.379  -16.284  -16.207  -16.132  -16.065  -15.990    4.485    4.676
    9.267    9.568   10.515   11.071   12.001   12.162   13.906   14.248   16.395   17.495
   17.669   17.880
            0.484717  0.309533  0.198786
  -39.977  -39.967  -16.378  -16.287  -16.206  -16.134  -16.065  -15.990    4.489    4.676
    9.274    9.587   10.498   11.045   12.000   12.153   13.910   14.264   16.432   17.502
   17.678   17.878
            0.483791  0.314446  0.201942
  -39.976  -39.967  -16.377  -16.291  -16.206  -16.137  -16.065  -15.991    4.494    4.675
    9.281    9.605   10.481   11.019   12.000   12.144   13.914   14.280   16.469   17.508
   17.688   17.876
            0.482865  0.319360  0.205097
  -39.976  -39.966  -16.376  -16.294  -16.205  -16.139  -16.064  -15.992    4.498    4.675
    9.288    9.623   10.463   10.994   12.000   12.135   13.919   14.295   16.507   17.512
   17.697   17.875
            0.481938  0.324273  0.208252
  -39.976  -39.966  -16.376  -16.297  -16.204  -16.141  -16.064  -15.993    4.502    4.675
    9.297    9.641   10.445   10.968   12.000   12.127   13.926   14.309   16.545   17.516
   17.707   17.875
            0.481012  0.329186  0.211407
  -39.975  -39.966  -16.375  -16.301  -16.204  -16.143  -16.063  -15.994    4.506    4.674
    9.305    9.659   10.426   10.941   12.001   12.119   13.933   14.322   16.583   17.520
   17.716   17.876
            0.480086  0.334099  0.214563
  -39.975  -39.966  -16.374  -16.304  -16.203  -16.145  -16.062  -15.995    4.511    4.673
    9.315    9.676   10.408   10.915   12.002   12.112   13.940   14.334   16.621   17.523
   17.725   17.878
            0.479160  0.339013  0.217718
  -39.974  -39.966  -16.373  -16.307  -16.202  -16.148  -16.061  -15.996    4.515    4.673
    9.325    9.693   10.389   10.889   12.004   12.105   13.949   14.345   16.659   17.526
   17.733   17.881
            0.478233  0.343926  0.220873
  -39.974  -39.966  -16.373  -16.310  -16.202  -16.150  -16.060  -15.997    4.519    4.671
    9.337    9.709   10.371   10.862   12.005   12.099   13.958   14.356   16.697   17.529
   17.741   17.884
            0.477307  0.348839  0.224029
  -39.974  -39.966  -16.372  -16.313  -16.201  -16.152  -16.059  -15.998    4.524    4.670
    9.348    9.724   10.353   10.836   12.007   12.093   13.968   14.365   16.736   17.532
   17.749   17.889
            0.476381  0.353752  0.227184
  -39.973  -39.966  -16.371  -16.316  -16.201  -16.155  -16.058  -15.999    4.528    4.669
    9.361    9.738   10.335   10.809   12.009   12.087   13.979   14.374   16.774   17.536
   17.756   17.893
            0.475455  0.358665  0.230339
  -39.973  -39.966  -16.371  -16.319  -16.200  -16.157  -16.057  -16.000    4.533    4.668
    9.374    9.752   10.318   10.782   12.011   12.082   13.990   14.381   16.813   17.539
   17.763   17.899
            0.474528  0.363579  0.233494
  -39.973  -39.966  -16.370  -16.322  -16.199  -16.159  -16.055  -16.002    4.537    4.666
    9.389    9.764   10.301   10.755   12.013   12.077   14.002   14.388   16.852   17.544
   17.769   17.904
            0.473602  0.368492  0.236650
  -39.972  -39.966  -16.369  -16.325  -16.199  -16.161  -16.054  -16.003    4.541    4.664
    9.403    9.776   10.285   10.728   12.016   12.072   14.014   14.393   16.890   17.548
   17.776   17.910
            0.472676  0.373405  0.239805
  -39.972  -39.966  -16.369  -16.327  -16.198  -16.163  -16.053  -16.004    4.546    4.663
    9.419    9.786   10.271   10.701   12.018   12.068   14.028   14.397   16.929   17.552
   17.782   17.916
            0.471750  0.378318  0.242960
  -39.972  -39.966  -16.368  -16.330  -16.197  -16.166  -16.051  -16.005    4.550    4.661
    9.435    9.795   10.257   10.674   12.020   12.064   14.042   14.400   16.967   17.557
   17.789   17.922
            0.470824  0.383232  0.246116
  -39.971  -39.966  -16.367  -16.333  -16.197  -16.168  -16.050  -16.006    4.554    4.659
    9.452    9.802   10.244   10.646   12.022   12.061   14.056   14.402   17.005   17.561
   17.796   17.928
            0.469897  0.388145  0.249271
  -39.971  -39.966  -16.367  -16.335  -16.196  -16.170  -16.049  -16.008    4.559    4.657
    9.470    9.808   10.233   10.619   12.024   12.057   14.071   14.403   17.044   17.566
   17.803   17.933
            0.468971  0.393058  0.252426
  -39.971  -39.966  -16.366  -16.337  -16.196  -16.172  -16.047  -16.009    4.563    4.655
    9.488    9.812   10.224   10.592   12.026   12.054   14.087   14.403   17.082   17.570
   17.811   17.938
            0.468045  0.397971  0.255581
  -39.970  -39.966  -16.366  -16.340  -16.195  -16.174  -16.046  -16.010    4.568    4.652
    9.506    9.815   10.217   10.564   12.027   12.052   14.103   14.402   17.120   17.573
   17.819   17.943
            0.467119  0.402885  0.258737
  -39.970  -39.966  -16.365  -16.342  -16.195  -16.175  -16.044  -16.012    4.572    4.650
    9.525    9.816   10.211   10.537   12.029   12.049   14.119   14.400   17.158   17.576
   17.828   17.947
            0.466192  0.407798  0.261892
  -39.970  -39.966  -16.364  -16.344  -16.194  -16.177  -16.043  -16.013    4.576    4.648
    9.545    9.815   10.207   10.509   12.030   12.046   14.136   14.397   17.196   17.579
   17.837   17.951
            0.465266  0.412711  0.265047
  -39.969  -39.966  -16.364  -16.346  -16.194  -16.179  -16.041  -16.014    4.581    4.645
    9.565    9.812   10.205   10.482   12.031   12.044   14.154   14.393   17.234   17.580
   17.846   17.954
            0.464340  0.417624  0.268203
  -39.969  -39.966  -16.363  -16.348  -16.193  -16.180  -16.039  -16.016    4.585    4.642
    9.585    9.808   10.205   10.455   12.032   12.042   14.172   14.388   17.271   17.581
   17.856   17.955
            0.463414  0.422537  0.271358
  -39.969  -39.966  -16.363  -16.350  -16.193  -16.182  -16.038  -16.017    4.589    4.640
    9.605    9.803   10.207   10.428   12.032   12.040   14.190   14.383   17.309   17.581
   17.866   17.957
            0.462487  0.427451  0.274513
  -39.969  -39.966  -16.362  -16.352  -16.193  -16.183  -16.036  -16.018    4.593    4.637
    9.626    9.796   10.210   10.402   12.032   12.038   14.208   14.376   17.346   17.580
   17.876   17.957
            0.461561  0.432364  0.277668
  -39.968  -39.967  -16.362  -16.353  -16.192  -16.185  -16.035  -16.020    4.598    4.634
    9.646    9.789   10.215   10.376   12.032   12.036   14.227   14.369   17.382   17.578
   17.886   17.955
            0.460635  0.437277  0.280824
  -39.968  -39.967  -16.361  -16.355  -16.192  -16.186  -16.033  -16.021    4.602    4.631
    9.667    9.780   10.222   10.351   12.031   12.034   14.246   14.360   17.418   17.575
   17.896   17.953
            0.459709  0.442190  0.283979
  -39.968  -39.967  -16.361  -16.356  -16.191  -16.187  -16.032  -16.023    4.606    4.628
    9.687    9.771   10.229   10.326   12.030   12.032   14.265   14.352   17.454   17.572
   17.906   17.950
            0.458782  0.447104  0.287134
  -39.968  -39.967  -16.360  -16.357  -16.191  -16.188  -16.030  -16.024    4.611    4.625
    9.706    9.762   10.238   10.302   12.029   12.030   14.284   14.342   17.489   17.567
   17.914   17.945
            0.457856  0.452017  0.290290
  -39.967  -39.967  -16.360  -16.359  -16.191  -16.190  -16.028  -16.025    4.615    4.622
    9.725    9.752   10.247   10.279   12.027   12.028   14.303   14.332   17.523   17.562
   17.923   17.939
            0.456930  0.456930  0.293445
  -39.967  -39.967  -16.360  -16.360  -16.190  -16.190  -16.027  -16.027    4.619    4.619
    9.742    9.742   10.258   10.258   12.025   12.025   14.322   14.322   17.556   17.556
   17.931   17.931
            0.453122  0.453122  0.291000
  -39.967  -39.967  -16.359  -16.359  -16.190  -16.190  -16.027  -16.027    4.617    4.619
    9.733    9.738   10.266   10.268   12.030   12.030   14.311   14.316   17.529   17.533
   17.931   17.931
            0.449315  0.449315  0.288554
  -39.967  -39.967  -16.358  -16.358  -16.189  -16.189  -16.028  -16.026    4.615    4.619
    9.723    9.734   10.275   10.279   12.034   12.034   14.300   14.310   17.501   17.511
   17.928   17.930
            0.445507  0.445507  0.286109
  -39.968  -39.967  -16.358  -16.358  -16.189  -16.188  -16.028  -16.026    4.612    4.619
    9.713    9.730   10.284   10.291   12.039   12.039   14.288   14.303   17.473   17.489
   17.925   17.927
            0.441699  0.441699  0.283663
  -39.968  -39.967  -16.357  -16.357  -16.188  -16.188  -16.029  -16.026    4.610    4.619
    9.704    9.726   10.294   10.302   12.043   12.044   14.276   14.297   17.444   17.467
   17.920   17.925
            0.437891  0.437891  0.281218
  -39.968  -39.967  -16.356  -16.356  -16.187  -16.187  -16.029  -16.026    4.606    4.619
    9.694    9.722   10.304   10.314   12.048   12.049   14.262   14.290   17.414   17.444
   17.914   17.921
            0.434084  0.434084  0.278773
  -39.968  -39.968  -16.355  -16.355  -16.187  -16.186  -16.030  -16.025    4.603    4.619
    9.684    9.718   10.314   10.326   12.052   12.055   14.248   14.283   17.384   17.423
   17.907   17.917
            0.430276  0.430276  0.276327
  -39.968  -39.968  -16.355  -16.354  -16.186  -16.185  -16.031  -16.025    4.599    4.619
    9.675    9.715   10.325   10.338   12.056   12.061   14.233   14.276   17.352   17.401
   17.899   17.912
            0.426468  0.426468  0.273882
  -39.969  -39.968  -16.354  -16.353  -16.185  -16.184  -16.032  -16.025    4.595    4.619
    9.666    9.711   10.336   10.350   12.060   12.067   14.218   14.268   17.321   17.379
   17.890   17.908
            0.422660  0.422660  0.271437
  -39.969  -39.968  -16.353  -16.352  -16.184  -16.183  -16.032  -16.024    4.590    4.619
    9.657    9.708   10.348   10.362   12.064   12.073   14.201   14.261   17.289   17.358
   17.881   17.903
            0.418853  0.418853  0.268991
  -39.969  -39.968  -16.352  -16.351  -16.184  -16.181  -16.033  -16.024    4.585    4.619
    9.649    9.705   10.360   10.374   12.067   12.080   14.185   14.253   17.256   17.337
   17.872   17.897
            0.415045  0.415045  0.266546
  -39.969  -39.968  -16.351  -16.350  -16.183  -16.180  -16.034  -16.023    4.579    4.618
    9.642    9.703   10.373   10.385   12.069   12.087   14.168   14.245   17.223   17.315
   17.862   17.892
            0.411237  0.411237  0.264100
  -39.970  -39.968  -16.350  -16.348  -16.182  -16.179  -16.035  -16.023    4.573    4.618
    9.635    9.700   10.386   10.397   12.071   12.095   14.150   14.238   17.190   17.294
   17.853   17.887
            0.407429  0.407429  0.261655
  -39.970  -39.968  -16.348  -16.347  -16.181  -16.178  -16.036  -16.022    4.567    4.618
    9.629    9.698   10.400   10.408   12.073   12.102   14.132   14.230   17.156   17.273
   17.844   17.881
            0.403622  0.403622  0.259210
  -39.970  -39.968  -16.347  -16.346  -16.180  -16.176  -16.037  -16.021    4.559    4.618
    9.623    9.696   10.414   10.420   12.073   12.110   14.114   14.222   17.122   17.252
   17.835   17.875
            0.399814  0.399814  0.256764
  -39.971  -39.968  -16.346  -16.344  -16.179  -16.175  -16.038  -16.021    4.552    4.618
    9.618    9.695   10.428   10.431   12.073   12.119   14.096   14.214   17.088   17.230
   17.828   17.869
            0.396006  0.396006  0.254319
  -39.971  -39.969  -16.345  -16.343  -16.178  -16.173  -16.039  -16.020    4.544    4.617
    9.614    9.694   10.442   10.443   12.072   12.127   14.078   14.207   17.053   17.209
   17.820   17.863
            0.392198  0.392198  0.251874
  -39.971  -39.969  -16.343  -16.341  -16.177  -16.172  -16.040  -16.019    4.535    4.617
    9.611    9.693   10.453   10.459   12.070   12.136   14.060   14.199   17.019   17.187
   17.814   17.856
            0.388391  0.388391  0.249428
  -39.972  -39.969  -16.342  -16.340  -16.176  -16.170  -16.042  -16.019    4.525    4.616
    9.609    9.693   10.463   10.475   12.067   12.146   14.041   14.192   16.984   17.165
   17.809   17.849
            0.384583  0.384583  0.246983
  -39.972  -39.969  -16.340  -16.338  -16.175  -16.169  -16.043  -16.018    4.515    4.616
    9.607    9.693   10.474   10.491   12.063   12.155   14.023   14.185   16.949   17.142
   17.804   17.841
            0.380775  0.380775  0.244537
  -39.973  -39.969  -16.339  -16.337  -16.174  -16.167  -16.044  -16.017    4.505    4.615
    9.606    9.693   10.484   10.508   12.058   12.165   14.005   14.178   16.914   17.120
   17.801   17.832
            0.376967  0.376967  0.242092
  -39.973  -39.969  -16.337  -16.335  -16.173  -16.165  -16.045  -16.016    4.493    4.615
    9.607    9.694   10.494   10.526   12.052   12.175   13.987   14.172   16.879   17.097
   17.799   17.822
            0.373159  0.373159  0.239647
  -39.973  -39.969  -16.336  -16.333  -16.172  -16.164  -16.046  -16.015    4.481    4.614
    9.608    9.695   10.504   10.544   12.045   12.185   13.970   14.166   16.844   17.074
   17.797   17.811
            0.369352  0.369352  0.237201
  -39.974  -39.969  -16.334  -16.332  -16.171  -16.162  -16.048  -16.015    4.469    4.613
    9.610    9.697   10.514   10.562   12.037   12.196   13.953   14.160   16.809   17.050
   17.797   17.800
            0.365544  0.365544  0.234756
  -39.974  -39.970  -16.332  -16.330  -16.170  -16.160  -16.049  -16.014    4.455    4.612
    9.613    9.700   10.524   10.581   12.028   12.206   13.937   14.155   16.774   17.026
   17.787   17.798
            0.361736  0.361736  0.232311
  -39.975  -39.970  -16.331  -16.328  -16.169  -16.158  -16.050  -16.013    4.441    4.611
    9.617    9.703   10.533   10.601   12.018   12.217   13.921   14.150   16.739   17.002
   17.773   17.800
            0.357928  0.357928  0.229865
  -39.975  -39.970  -16.329  -16.326  -16.168  -16.156  -16.051  -16.012    4.426    4.610
    9.622    9.706   10.542   10.621   12.007   12.228   13.905   14.145   16.704   16.978
   17.757   17.803
            0.354121  0.354121  0.227420
  -39.976  -39.970  -16.327  -16.324  -16.167  -16.155  -16.053  -16.011    4.410    4.609
    9.628    9.711   10.551   10.641   11.995   12.240   13.891   14.141   16.669   16.953
   17.741   17.806
            0.350313  0.350313  0.224974
  -39.976  -39.970  -16.325  -16.322  -16.166  -16.153  -16.054  -16.010    4.394    4.607
    9.634    9.715   10.560   10.662   11.981   12.251   13.877   14.137   16.634   16.928
   17.723   17.811
            0.346505  0.346505  0.222529
  -39.977  -39.970  -16.323  -16.320  -16.165  -16.151  -16.055  -16.009    4.377    4.606
    9.642    9.721   10.568   10.684   11.968   12.263   13.863   14.133   16.600   16.902
   17.704   17.816
            0.342697  0.342697  0.220084
  -39.977  -39.970  -16.321  -16.319  -16.164  -16.149  -16.056  -16.008    4.359    4.604
    9.650    9.727   10.576   10.706   11.953   12.274   13.851   14.130   16.565   16.877
   17.684   17.822
            0.338890  0.338890  0.217638
  -39.978  -39.971  -16.319  -16.316  -16.164  -16.147  -16.058  -16.007    4.340    4.603
    9.660    9.734   10.584   10.728   11.938   12.286   13.840   14.127   16.531   16.851
   17.663   17.829
            0.335082  0.335082  0.215193
  -39.978  -39.971  -16.317  -16.314  -16.163  -16.144  -16.059  -16.006    4.321    4.601
    9.670    9.742   10.592   10.751   11.922   12.298   13.829   14.124   16.497   16.824
   17.641   17.836
            0.331274  0.331274  0.212748
  -39.979  -39.971  -16.315  -16.312  -16.162  -16.142  -16.060  -16.004    4.300    4.599
    9.680    9.751   10.599   10.774   11.906   12.310   13.819   14.122   16.463   16.798
   17.618   17.843
            0.327466  0.327466  0.210302
  -39.979  -39.971  -16.313  -16.310  -16.161  -16.140  -16.061  -16.003    4.279    4.598
    9.692    9.760   10.607   10.797   11.889   12.322   13.811   14.119   16.429   16.771
   17.595   17.851
            0.323659  0.323659  0.207857
  -39.980  -39.971  -16.311  -16.308  -16.161  -16.138  -16.062  -16.002    4.257    4.596
    9.704    9.770   10.613   10.821   11.873   12.333   13.803   14.117   16.396   16.743
   17.571   17.860
            0.319851  0.319851  0.205411
  -39.981  -39.971  -16.308  -16.306  -16.160  -16.136  -16.063  -16.001    4.234    4.594
    9.717    9.781   10.620   10.845   11.856   12.345   13.796   14.115   16.362   16.716
   17.546   17.868
            0.316043  0.316043  0.202966
  -39.981  -39.972  -16.306  -16.304  -16.160  -16.134  -16.063  -16.000    4.211    4.592
    9.730    9.793   10.626   10.870   11.840   12.357   13.791   14.114   16.329   16.688
   17.522   17.877
            0.312235  0.312235  0.200521
  -39.982  -39.972  -16.304  -16.302  -16.160  -16.132  -16.064  -15.999    4.187    4.590
    9.744    9.805   10.632   10.895   11.823   12.369   13.786   14.112   16.296   16.660
   17.497   17.887
            0.308428  0.308428  0.198075
  -39.982  -39.972  -16.301  -16.300  -16.159  -16.129  -16.065  -15.997    4.162    4.588
    9.758    9.819   10.638   10.920   11.807   12.382   13.783   14.110   16.263   16.631
   17.471   17.896
            0.304620  0.304620  0.195630
  -39.983  -39.972  -16.299  -16.297  -16.159  -16.127  -16.065  -15.996    4.136    4.585
    9.772    9.833   10.644   10.945   11.792   12.394   13.780   14.109   16.230   16.602
   17.446   17.906
            0.300812  0.300812  0.193185
  -39.983  -39.972  -16.296  -16.295  -16.159  -16.125  -16.065  -15.995    4.110    4.583
    9.786    9.849   10.649   10.971   11.777   12.406   13.779   14.107   16.197   16.573
   17.421   17.915
            0.297005  0.297005  0.190739
  -39.984  -39.972  -16.294  -16.293  -16.159  -16.122  -16.066  -15.994    4.083    4.581
    9.800    9.865   10.654   10.996   11.763   12.418   13.779   14.105   16.165   16.543
   17.397   17.925
            0.293197  0.293197  0.188294
  -39.985  -39.972  -16.291  -16.291  -16.160  -16.120  -16.066  -15.992    4.055    4.579
    9.814    9.882   10.660   11.022   11.750   12.430   13.780   14.103   16.132   16.513
   17.372   17.935
            0.289389  0.289389  0.185848
  -39.985  -39.973  -16.289  -16.288  -16.160  -16.118  -16.066  -15.991    4.026    4.576
    9.827    9.900   10.665   11.048   11.738   12.442   13.781   14.101   16.100   16.482
   17.348   17.945
            0.285581  0.285581  0.183403
  -39.986  -39.973  -16.286  -16.286  -16.160  -16.115  -16.066  -15.990    3.997    4.574
    9.840    9.919   10.671   11.074   11.728   12.454   13.784   14.099   16.068   16.451
   17.325   17.954
            0.281774  0.281774  0.180958
  -39.986  -39.973  -16.284  -16.283  -16.161  -16.113  -16.065  -15.988    3.968    4.572
    9.851    9.939   10.677   11.100   11.718   12.467   13.788   14.097   16.035   16.419
   17.303   17.964
            0.277966  0.277966  0.178512
  -39.987  -39.973  -16.282  -16.280  -16.161  -16.111  -16.065  -15.987    3.937    4.569
    9.862    9.960   10.684   11.127   11.710   12.479   13.793   14.094   16.004   16.387
   17.281   17.974
            0.274158  0.274158  0.176067
  -39.988  -39.973  -16.280  -16.278  -16.162  -16.108  -16.065  -15.986    3.906    4.567
    9.871    9.981   10.692   11.153   11.704   12.492   13.799   14.092   15.972   16.355
   17.260   17.983
            0.270350  0.270350  0.173622
  -39.988  -39.973  -16.278  -16.275  -16.163  -16.106  -16.064  -15.984    3.875    4.565
    9.878   10.004   10.701   11.179   11.699   12.504   13.805   14.089   15.940   16.322
   17.240   17.992
            0.266543  0.266543  0.171176
  -39.989  -39.974  -16.276  -16.272  -16.164  -16.103  -16.063  -15.983    3.843    4.562
    9.884   10.027   10.712   11.205   11.695   12.517   13.812   14.086   15.909   16.289
   17.221   18.001
            0.262735  0.262735  0.168731
  -39.990  -39.974  -16.274  -16.269  -16.165  -16.101  -16.062  -15.982    3.811    4.560
    9.887   10.051   10.723   11.231   11.693   12.529   13.821   14.082   15.877   16.255
   17.204   18.010
            0.258927  0.258927  0.166285
  -39.990  -39.974  -16.272  -16.266  -16.166  -16.098  -16.062  -15.980    3.778    4.558
    9.889   10.076   10.737   11.257   11.692   12.542   13.829   14.079   15.846   16.221
   17.187   18.018
            0.255119  0.255119  0.163840
  -39.991  -39.974  -16.270  -16.263  -16.167  -16.096  -16.060  -15.979    3.745    4.556
    9.887   10.102   10.752   11.283   11.693   12.555   13.839   14.075   15.815   16.187
   17.171   18.026
            0.251312  0.251312  0.161395
  -39.992  -39.974  -16.268  -16.260  -16.168  -16.093  -16.059  -15.978    3.711    4.554
    9.884   10.128   10.770   11.309   11.696   12.568   13.849   14.071   15.785   16.152
   17.157   18.034
            0.247504  0.247504  0.158949
  -39.992  -39.974  -16.266  -16.257  -16.169  -16.091  -16.058  -15.976    3.677    4.552
    9.878   10.156   10.789   11.335   11.700   12.582   13.860   14.066   15.754   16.117
   17.144   18.040
            0.243696  0.243696  0.156504
  -39.993  -39.975  -16.265  -16.254  -16.170  -16.088  -16.057  -15.975    3.643    4.549
    9.870   10.184   10.811   11.361   11.705   12.595   13.871   14.061   15.725   16.082
   17.132   18.046
            0.239888  0.239888  0.154059
  -39.993  -39.975  -16.263  -16.251  -16.171  -16.086  -16.055  -15.973    3.608    4.548
    9.859   10.213   10.834   11.386   11.712   12.608   13.883   14.056   15.695   16.047
   17.122   18.052
            0.236080  0.236080  0.151613
  -39.994  -39.975  -16.261  -16.248  -16.172  -16.083  -16.054  -15.972    3.574    4.546
    9.846   10.242   10.860   11.411   11.720   12.622   13.895   14.051   15.667   16.012
   17.113   18.056
            0.232273  0.232273  0.149168
  -39.995  -39.975  -16.260  -16.245  -16.173  -16.081  -16.053  -15.971    3.539    4.544
    9.831   10.272   10.888   11.437   11.729   12.635   13.907   14.045   15.638   15.976
   17.105   18.058
            0.228465  0.228465  0.146722
  -39.995  -39.975  -16.259  -16.242  -16.173  -16.079  -16.051  -15.969    3.503    4.542
    9.813   10.303   10.918   11.462   11.740   12.649   13.920   14.039   15.611   15.941
   17.098   18.060
            0.224657  0.224657  0.144277
  -39.996  -39.975  -16.258  -16.239  -16.174  -16.076  -16.049  -15.968    3.468    4.540
    9.794   10.334   10.949   11.487   11.751   12.662   13.932   14.033   15.585   15.905
   17.093   18.060
            0.220850  0.220850  0.141832
  -39.997  -39.975  -16.257  -16.236  -16.175  -16.074  -16.048  -15.967    3.433    4.539
    9.774   10.366   10.982   11.512   11.764   12.676   13.945   14.026   15.559   15.870
   17.089   18.057
            0.217042  0.217042  0.139386
  -39.997  -39.976  -16.256  -16.233  -16.175  -16.071  -16.046  -15.965    3.397    4.537
    9.752   10.398   11.017   11.537   11.777   12.689   13.957   14.019   15.534   15.835
   17.087   18.053
            0.213234  0.213234  0.136941
  -39.998  -39.976  -16.256  -16.230  -16.176  -16.069  -16.044  -15.964    3.362    4.536
    9.728   10.430   11.053   11.561   11.791   12.702   13.970   14.012   15.511   15.801
   17.085   18.047
            0.209426  0.209426  0.134496
  -39.999  -39.976  -16.255  -16.227  -16.176  -16.066  -16.043  -15.963    3.326    4.535
    9.704   10.463   11.090   11.586   11.807   12.715   13.982   14.005   15.489   15.766
   17.085   18.039
            0.205619  0.205619  0.132050
  -39.999  -39.976  -16.255  -16.224  -16.176  -16.064  -16.041  -15.961    3.291    4.533
    9.678   10.497   11.129   11.611   11.822   12.728   13.993   13.997   15.469   15.733
   17.086   18.029
            0.201811  0.201811  0.129605
  -40.000  -39.976  -16.255  -16.221  -16.176  -16.061  -16.039  -15.960    3.255    4.532
    9.652   10.531   11.168   11.636   11.839   12.741   13.989   14.004   15.450   15.700
   17.088   18.017
            0.198003  0.198003  0.127159
  -40.000  -39.976  -16.255  -16.218  -16.176  -16.059  -16.037  -15.959    3.220    4.531
    9.625   10.565   11.209   11.660   11.856   12.753   13.980   14.014   15.433   15.668
   17.091   18.004
            0.194195  0.194195  0.124714
  -40.001  -39.977  -16.255  -16.215  -16.175  -16.056  -16.036  -15.957    3.185    4.530
    9.597   10.599   11.250   11.685   11.874   12.766   13.971   14.022   15.419   15.636
   17.095   17.989
            0.190387  0.190387  0.122269
  -40.002  -39.977  -16.256  -16.212  -16.175  -16.054  -16.034  -15.956    3.150    4.530
    9.569   10.633   11.292   11.710   11.892   12.777   13.962   14.030   15.406   15.606
   17.101   17.973
            0.186580  0.186580  0.119823
  -40.002  -39.977  -16.257  -16.209  -16.174  -16.051  -16.032  -15.955    3.115    4.529
    9.540   10.668   11.335   11.735   11.910   12.789   13.952   14.037   15.396   15.576
   17.107   17.956
            0.182772  0.182772  0.117378
  -40.003  -39.977  -16.258  -16.206  -16.173  -16.049  -16.030  -15.954    3.080    4.528
    9.512   10.702   11.378   11.760   11.929   12.800   13.942   14.042   15.388   15.548
   17.114   17.939
            0.178964  0.178964  0.114933
  -40.003  -39.977  -16.259  -16.203  -16.172  -16.047  -16.028  -15.953    3.046    4.528
    9.483   10.737   11.422   11.786   11.949   12.811   13.931   14.046   15.383   15.521
   17.122   17.921
            0.175156  0.175156  0.112487
  -40.004  -39.977  -16.260  -16.200  -16.171  -16.044  -16.027  -15.951    3.012    4.527
    9.453   10.771   11.466   11.811   11.968   12.821   13.920   14.048   15.381   15.495
   17.131   17.903
            0.171349  0.171349  0.110042
  -40.005  -39.977  -16.261  -16.197  -16.170  -16.042  -16.025  -15.950    2.978    4.527
    9.424   10.806   11.510   11.837   11.988   12.831   13.908   14.048   15.382   15.471
   17.141   17.885
            0.167541  0.167541  0.107596
  -40.005  -39.977  -16.262  -16.194  -16.169  -16.039  -16.023  -15.949    2.944    4.527
    9.395   10.840   11.555   11.863   12.008   12.840   13.896   14.047   15.385   15.448
   17.151   17.866
            0.163733  0.163733  0.105151
  -40.006  -39.978  -16.264  -16.191  -16.168  -16.037  -16.021  -15.948    2.911    4.527
    9.366   10.874   11.599   11.890   12.028   12.849   13.884   14.043   15.392   15.427
   17.162   17.848
            0.159925  0.159925  0.102706
  -40.006  -39.978  -16.265  -16.189  -16.166  -16.035  -16.019  -15.947    2.878    4.527
    9.337   10.908   11.644   11.916   12.048   12.857   13.871   14.038   15.401   15.407
   17.174   17.830
            0.156118  0.156118  0.100260
  -40.007  -39.978  -16.267  -16.186  -16.165  -16.032  -16.018  -15.946    2.846    4.527
    9.309   10.942   11.689   11.943   12.068   12.865   13.858   14.031   15.390   15.413
   17.187   17.811
            0.152310  0.152310  0.097815
  -40.007  -39.978  -16.269  -16.183  -16.163  -16.030  -16.016  -15.945    2.814    4.527
    9.281   10.975   11.733   11.970   12.088   12.872   13.844   14.023   15.374   15.428
   17.200   17.793
            0.148502  0.148502  0.095370
  -40.008  -39.978  -16.270  -16.180  -16.162  -16.028  -16.014  -15.944    2.783    4.528
    9.253   11.009   11.778   11.998   12.108   12.879   13.829   14.013   15.360   15.445
   17.214   17.776
            0.144695  0.144695  0.092924
  -40.008  -39.978  -16.272  -16.177  -16.160  -16.026  -16.012  -15.943    2.752    4.528
    9.225   11.041   11.822   12.025   12.128   12.886   13.814   14.001   15.348   15.465
   17.228   17.758
            0.140887  0.140887  0.090479
  -40.009  -39.978  -16.274  -16.175  -16.158  -16.023  -16.011  -15.942    2.722    4.528
    9.198   11.074   11.866   12.053   12.148   12.892   13.799   13.988   15.338   15.487
   17.243   17.741
            0.137079  0.137079  0.088033
  -40.009  -39.978  -16.276  -16.172  -16.157  -16.021  -16.009  -15.941    2.692    4.529
    9.171   11.106   11.909   12.081   12.167   12.897   13.783   13.973   15.329   15.512
   17.259   17.724
            0.133271  0.133271  0.085588
  -40.010  -39.979  -16.277  -16.170  -16.155  -16.019  -16.007  -15.940    2.663    4.529
    9.144   11.137   11.952   12.109   12.187   12.902   13.767   13.958   15.323   15.538
   17.274   17.708
            0.129464  0.129464  0.083143
  -40.010  -39.979  -16.279  -16.167  -16.154  -16.017  -16.006  -15.939    2.634    4.530
    9.118   11.168   11.994   12.138   12.206   12.907   13.751   13.942   15.319   15.566
   17.291   17.691
            0.125656  0.125656  0.080697
  -40.011  -39.979  -16.281  -16.165  -16.152  -16.015  -16.004  -15.938    2.606    4.531
    9.093   11.198   12.036   12.166   12.225   12.911   13.735   13.924   15.316   15.595
   17.308   17.676
            0.121848  0.121848  0.078252
  -40.011  -39.979  -16.283  -16.162  -16.150  -16.013  -16.002  -15.937    2.578    4.532
    9.068   11.228   12.076   12.195   12.244   12.915   13.718   13.906   15.316   15.626
   17.325   17.660
            0.118040  0.118040  0.075807
  -40.012  -39.979  -16.285  -16.160  -16.149  -16.011  -16.001  -15.936    2.552    4.532
    9.044   11.258   12.116   12.223   12.263   12.918   13.701   13.888   15.317   15.658
   17.343   17.646
            0.114233  0.114233  0.073361
  -40.012  -39.979  -16.286  -16.158  -16.147  -16.009  -15.999  -15.936    2.525    4.533
    9.020   11.287   12.155   12.251   12.281   12.922   13.684   13.869   15.320   15.691
   17.361   17.631
            0.110425  0.110425  0.070916
  -40.013  -39.979  -16.288  -16.155  -16.146  -16.007  -15.998  -15.935    2.500    4.534
    8.997   11.315   12.192   12.279   12.300   12.925   13.667   13.850   15.324   15.725
   17.380   17.618
            0.106617  0.106617  0.068470
  -40.013  -39.979  -16.290  -16.153  -16.144  -16.005  -15.997  -15.934    2.475    4.535
    8.975   11.343   12.228   12.306   12.318   12.928   13.651   13.830   15.330   15.759
   17.399   17.604
            0.102809  0.102809  0.066025
  -40.013  -39.979  -16.291  -16.151  -16.143  -16.003  -15.995  -15.933    2.451    4.536
    8.953   11.370   12.262   12.333   12.337   12.931   13.635   13.811   15.338   15.794
   17.419   17.592
            0.099002  0.099002  0.063580
  -40.014  -39.980  -16.293  -16.149  -16.141  -16.001  -15.994  -15.933    2.428    4.537
    8.932   11.396   12.293   12.357   12.360   12.934   13.619   13.791   15.346   15.829
   17.439   17.580
            0.095194  0.095194  0.061134
  -40.014  -39.980  -16.295  -16.147  -16.140  -15.999  -15.992  -15.932    2.405    4.538
    8.911   11.422   12.321   12.379   12.385   12.937   13.603   13.771   15.356   15.864
   17.460   17.568
            0.091386  0.091386  0.058689
  -40.015  -39.980  -16.296  -16.145  -16.139  -15.998  -15.991  -15.931    2.384    4.539
    8.892   11.448   12.346   12.402   12.410   12.940   13.588   13.752   15.367   15.899
   17.481   17.558
            0.087578  0.087578  0.056244
  -40.015  -39.980  -16.298  -16.143  -16.137  -15.996  -15.990  -15.931    2.363    4.540
    8.873   11.472   12.367   12.427   12.433   12.944   13.573   13.733   15.379   15.934
   17.502   17.548
            0.083771  0.083771  0.053798
  -40.015  -39.980  -16.299  -16.141  -16.136  -15.994  -15.989  -15.930    2.342    4.542
    8.854   11.497   12.385   12.452   12.455   12.948   13.560   13.714   15.392   15.968
   17.524   17.538
            0.079963  0.079963  0.051353
  -40.016  -39.980  -16.301  -16.140  -16.135  -15.993  -15.988  -15.930    2.323    4.543
    8.837   11.520   12.402   12.476   12.477   12.953   13.547   13.696   15.406   16.002
   17.530   17.546
            0.076155  0.076155  0.048907
  -40.016  -39.980  -16.302  -16.138  -16.133  -15.991  -15.987  -15.929    2.304    4.544
    8.820   11.543   12.417   12.495   12.502   12.959   13.535   13.678   15.420   16.035
   17.522   17.569
            0.072347  0.072347  0.046462
  -40.016  -39.980  -16.303  -16.136  -16.132  -15.990  -15.986  -15.929    2.287    4.545
    8.804   11.565   12.432   12.512   12.525   12.965   13.524   13.660   15.434   16.067
   17.515   17.592
            0.068540  0.068540  0.044017
  -40.017  -39.980  -16.305  -16.135  -16.131  -15.988  -15.985  -15.928    2.270    4.546
    8.789   11.587   12.445   12.528   12.547   12.972   13.513   13.643   15.448   16.099
   17.508   17.615
            0.064732  0.064732  0.041571
  -40.017  -39.980  -16.306  -16.133  -16.130  -15.987  -15.984  -15.928    2.254    4.547
    8.774   11.607   12.458   12.541   12.567   12.980   13.504   13.627   15.463   16.129
   17.503   17.639
            0.060924  0.060924  0.039126
  -40.017  -39.980  -16.307  -16.132  -16.129  -15.986  -15.983  -15.928    2.238    4.548
    8.761   11.627   12.470   12.553   12.585   12.989   13.496   13.611   15.478   16.158
   17.498   17.663
            0.057116  0.057116  0.036681
  -40.017  -39.980  -16.308  -16.131  -16.128  -15.985  -15.982  -15.927    2.224    4.549
    8.748   11.647   12.482   12.562   12.602   12.998   13.489   13.596   15.492   16.186
   17.494   17.687
            0.053309  0.053309  0.034235
  -40.017  -39.980  -16.309  -16.129  -16.127  -15.983  -15.981  -15.927    2.211    4.550
    8.736   11.665   12.493   12.570   12.616   13.009   13.483   13.581   15.506   16.213
   17.491   17.711
            0.049501  0.049501  0.031790
  -40.018  -39.980  -16.310  -16.128  -16.126  -15.982  -15.980  -15.927    2.198    4.550
    8.724   11.683   12.504   12.576   12.629   13.020   13.478   13.567   15.520   16.238
   17.488   17.735
            0.045693  0.045693  0.029344
  -40.018  -39.980  -16.311  -16.127  -16.126  -15.981  -15.980  -15.926    2.186    4.551
    8.714   11.699   12.514   12.581   12.640   13.031   13.474   13.554   15.533   16.261
   17.486   17.759
            0.041885  0.041885  0.026899
  -40.018  -39.980  -16.312  -16.126  -16.125  -15.981  -15.979  -15.926    2.176    4.552
    8.704   11.715   12.524   12.584   12.650   13.043   13.471   13.541   15.546   16.283
   17.485   17.783
            0.038078  0.038078  0.024454
  -40.018  -39.980  -16.313  -16.125  -16.124  -15.980  -15.978  -15.926    2.166    4.553
    8.695   11.729   12.533   12.586   12.657   13.054   13.469   13.529   15.557   16.303
   17.484   17.806
            0.034270  0.034270  0.022008
  -40.018  -39.981  -16.313  -16.125  -16.124  -15.979  -15.978  -15.926    2.157    4.553
    8.687   11.743   12.541   12.588   12.664   13.066   13.468   13.519   15.568   16.322
   17.484   17.828
            0.030462  0.030462  0.019563
  -40.019  -39.981  -16.314  -16.124  -16.123  -15.978  -15.977  -15.925    2.149    4.554
    8.680   11.755   12.549   12.588   12.669   13.077   13.467   13.508   15.578   16.338
   17.484   17.849
            0.026654  0.026654  0.017118
  -40.019  -39.981  -16.314  -16.123  -16.123  -15.978  -15.977  -15.925    2.142    4.554
    8.674   11.766   12.557   12.588   12.672   13.087   13.466   13.499   15.587   16.353
   17.485   17.869
            0.022847  0.022847  0.014672
  -40.019  -39.981  -16.315  -16.123  -16.122  -15.977  -15.976  -15.925    2.136    4.555
    8.668   11.776   12.563   12.587   12.675   13.096   13.466   13.491   15.595   16.366
   17.486   17.887
            0.019039  0.019039  0.012227
  -40.019  -39.981  -16.315  -16.122  -16.122  -15.977  -15.976  -15.925    2.130    4.555
    8.664   11.784   12.569   12.587   12.677   13.105   13.466   13.484   15.602   16.377
   17.487   17.903
            0.015231  0.015231  0.009781
  -40.019  -39.981  -16.316  -16.122  -16.122  -15.976  -15.976  -15.925    2.126    4.556
    8.660   11.791   12.574   12.586   12.678   13.112   13.466   13.478   15.607   16.386
   17.488   17.917
            0.011423  0.011423  0.007336
  -40.019  -39.981  -16.316  -16.122  -16.121  -15.976  -15.976  -15.925    2.123    4.556
    8.657   11.797   12.578   12.585   12.679   13.118   13.467   13.473   15.612   16.393
   17.488   17.928
            0.007615  0.007615  0.004891
  -40.019  -39.981  -16.316  -16.121  -16.121  -15.976  -15.976  -15.925    2.121    4.556
    8.655   11.801   12.581   12.584   12.679   13.122   13.467   13.470   15.615   16.398
   17.489   17.937
            0.003808  0.003808  0.002445
  -40.019  -39.981  -16.316  -16.121  -16.121  -15.976  -15.975  -15.925    2.119    4.556
    8.654   11.803   12.583   12.584   12.679   13.125   13.467   13.468   15.617   16.401
   17.490   17.942
            0.000000  0.000000  0.000000
  -40.019  -39.981  -16.316  -16.121  -16.121  -15.975  -15.975  -15.925    2.119    4.556
    8.653   11.804   12.584   12.584   12.679   13.125   13.467   13.467   15.617   16.402
   17.490   17.943
