   2.00077590788390       8.306530166786669E-002 -2.144013779857466E-004
  1.197174085204530E-020  1.831708748437424E-020  3.628101135545757E-004
 -2.050453311791436E-020 -2.964615315390051E-020  8.865113912401719E-005
  7.589415207398531E-019 -1.816038638913220E-018  6.815419137805791E-003
 -6.563074256462639E-018 -1.320495200595942E-003 -8.385626177817573E-019
  1.861778418064952E-018 -6.112574914769452E-003  5.031135578840460E-018
  0.991398632679431       4.524664840334573E-004 -6.020696707278955E-021
 -6.776263578034403E-021 -2.203755709925649E-003 -2.004386118214942E-019
  5.421010862427522E-020 -1.124170045193921E-002 -9.649399335120989E-018
 -2.461138931542095E-017 -3.238207726564427E-002 -5.973206757181187E-017
 -6.621014503347125E-002  1.585137457491698E-017  9.366151517559151E-017
  0.120339325388734      -8.450472803445291E-017   1.92568228358676     
 -3.857917884648009E-015 -1.072715254431751E-016  0.118113701496758     
 -1.063667756090191E-016 -3.050140790214128E-018 -2.506775099559870E-002
 -2.192968251839058E-018  1.089856698552386E-017 -1.095006382035279E-002
  1.121342909303390E-017  4.067205964990477E-002  6.221964890739928E-018
 -2.000754661538504E-017  1.592478597570730E-002 -1.686239564455376E-017
   1.93130225802895      -1.422093779540612E-015 -1.063771737797731E-016
  0.105522640672845      -3.556183125752455E-017  5.576864924722313E-018
 -9.390775722111732E-004  1.038123580154870E-017 -6.086778758969402E-018
 -2.027785847543780E-018 -1.660184576618429E-018 -9.846019310975718E-004
 -9.107298248878237E-018 -1.859025560986376E-018 -1.431928743740947E-019
   1.92547301236690      -3.052520181840195E-018 -3.527775218986049E-017
  0.117814166779356      -2.179838716422160E-017  2.321858521083851E-018
  2.063611929079560E-002  5.174063231375703E-017  3.223599020736187E-017
  3.255455879910041E-017 -1.743758766256903E-018 -3.476435246786945E-002
 -8.212632512132782E-017 -5.185886868087752E-017  0.188012200922160     
 -4.092338846157721E-016 -6.271055603405309E-018  6.239773976259613E-002
 -1.857143563373981E-017 -3.280115682252812E-018  5.414956037171270E-002
 -7.009865487725661E-017 -0.112902150539167      -1.302971450364321E-017
  5.125183367085520E-017 -5.441351773173623E-002  6.420668442781872E-017
  0.199603553388115      -1.682681771697503E-016 -7.746624522408929E-017
  2.894454535600278E-002 -9.280770596475918E-017  1.237074678805961E-016
  3.271002023492081E-017  1.536856579498203E-017 -3.420644629270112E-003
  3.859759734048396E-017 -1.543463436486786E-017 -3.685595988012097E-018
  0.199259227862530       9.809464986978296E-017 -2.770961087432795E-017
 -9.636195617601850E-002 -2.325472889633520E-016 -1.441064828010030E-016
 -1.078892900264240E-016  9.655913185533470E-018  0.125954253629621     
  2.828008127461499E-016  1.797542093087632E-016   1.34849353350154     
 -6.403997064757995E-015 -3.858200622862170E-015  5.018445728277577E-002
  1.371041045366562E-014  -1.02034894998230       3.149694670468352E-015
  1.408458706601555E-015 -3.596798111334509E-002 -6.386393124110537E-015
   1.59325393200521      -5.970193341574378E-015  1.144066625616961E-014
  4.172006471206124E-015  3.149845124597194E-015  -1.53073967486207     
  2.944702262288360E-015 -5.544136333527919E-015 -2.009208850994468E-015
   1.28540525041400       6.010408170059698E-015  1.463950248959562E-014
  1.407785013289647E-015  2.942483565937477E-015 -0.917874815001040     
 -2.110945094436390E-015 -6.381919941973100E-015   1.28945418038792     
 -2.177015900756304E-014 -3.495789351189951E-002 -5.544391406266444E-015
 -2.111718978764341E-015  -1.04054375928978       9.911412282968440E-015
   1.60177749424345      -6.387251838546604E-015 -2.009135045832888E-015
 -6.382047668118673E-015  9.910908899124493E-015  -1.48037612395731     
  0.236774416446599      -1.727185656379794E-015 -6.338752789435130E-016
  2.055085733712412E-002  3.370950407283978E-015  0.412127106882600     
 -1.618994635874621E-015  3.011321318949699E-015  1.087760243527536E-015
  0.205265978176065       9.240882612876246E-016  3.246511078923348E-015
  0.239480801439544      -5.134997043244505E-015  0.388550853974497     
   2.00077590788390       8.306530166786667E-002 -2.144013779857466E-004
  1.209319306938264E-020  1.736417541871316E-020  3.628101135545757E-004
 -2.154098105495894E-020 -2.837560373301906E-020  8.865113912401209E-005
 -1.201092719206598E-018 -3.923456611681919E-018 -6.815419137805786E-003
  7.018232348620297E-018 -1.320495200595937E-003  9.181837148236616E-019
  3.790154801607774E-018  6.112574914769445E-003 -6.951080757779459E-018
  0.991398632679431       4.524664840334574E-004 -2.186829978957788E-020
 -4.065758146820642E-020 -2.203755709925647E-003 -7.328382352748629E-020
  2.710505431213761E-019 -1.124170045193919E-002 -4.336808689942018E-019
 -1.994931997373328E-017  3.238207726564421E-002 -1.321053744836199E-016
 -6.621014503347135E-002 -1.910906329005702E-017  5.388484797252957E-017
 -0.120339325388734       1.549739229956891E-016   1.92568228358676     
 -3.847008778483031E-015 -1.066637997830670E-016  0.118113701496758     
 -1.175819234719420E-016 -3.549982243042101E-018 -2.506775099559869E-002
 -1.889619360993398E-017  1.310250023424928E-017  1.095006382035275E-002
 -1.038016514486476E-017  4.067205964990476E-002  3.313297035211888E-017
 -2.350875395821609E-017 -1.592478597570723E-002  1.479612338847940E-017
   1.92547301236690      -1.411604123521815E-015 -1.175783374742639E-016
  0.117814166779357      -4.629543276513104E-017 -3.648340310413722E-017
  2.063611929079565E-002 -3.361026734705064E-017  6.381885037792800E-017
  1.569022902325479E-017  6.642093559189322E-017 -3.476435246786952E-002
  6.234162491791650E-017 -1.145595120502496E-016 -2.936710959156305E-017
   1.93130225802895      -3.547524319538487E-018 -4.622559101323576E-017
  0.105522640672845       3.882273632777727E-019 -1.191598033216287E-017
 -9.390775722111731E-004  4.138178092457626E-020  6.241431728589817E-020
 -4.998416924693361E-019  2.114851192784693E-017 -9.846019310975687E-004
 -3.138885826675719E-018 -2.418123593776625E-018  0.188012200922160     
 -4.090104304251824E-016 -6.432521995338488E-018  6.239773976259609E-002
  8.563548363260327E-017 -1.063576938499128E-017 -5.414956037171265E-002
  3.557812925919167E-017 -0.112902150539167      -1.215855470304046E-016
  6.126077200105443E-017  5.441351773173606E-002 -4.384863620970739E-017
  0.199259227862530      -1.691355389077387E-016  1.866996141020039E-016
 -9.636195617601870E-002  1.791101988946053E-016 -3.136596885000564E-016
 -8.185734630909628E-017 -2.590972141697234E-016  0.125954253629621     
 -2.467644144577008E-016  4.368724891394560E-016  1.164577635160584E-016
  0.199603553388115      -9.676294820835830E-018  6.088228202647618E-017
  2.894454535600274E-002  4.155920567185590E-017  2.993932569167455E-017
  5.573292315516142E-018 -8.100153347600471E-017 -3.420644629270113E-003
 -3.747437541566860E-018 -1.861304262333340E-018   1.34849353350154     
 -5.216459600391139E-015 -4.539686937060580E-015 -5.018445728276891E-002
  1.390979176536688E-014  -1.02034894998230       1.898557647373154E-015
  1.996948545673279E-015  3.596798111334232E-002 -6.453297441671861E-015
   1.28540525041401      -4.846912117269476E-015  9.400660187995898E-015
  3.667182352901232E-015  1.898392894820924E-015 -0.917874815001043     
  1.754971199086310E-015 -3.423993210148709E-015 -1.463250503458114E-015
   1.59325393200520       7.491244916575689E-015  1.565328756803591E-014
  1.996862733023271E-015  1.750719268627637E-015  -1.53073967486207     
 -3.496458780019896E-015 -7.255518617199871E-015   1.28945418038792     
 -2.182457781247133E-014  3.495789351189675E-002 -3.424054662450683E-015
 -3.496350213937731E-015  -1.04054375928978       9.916628093325533E-015
   1.60177749424345      -6.452303968895734E-015 -1.463293462095061E-015
 -7.255264097838499E-015  9.915679388683429E-015  -1.48037612395731     
  0.236774416446599      -8.637615023709114E-016 -1.010554372467673E-015
 -2.055085733712281E-002  3.393643935900491E-015  0.205265978176066     
 -7.922285985432312E-016  1.555073059765867E-015  7.083347230354275E-016
  0.412127106882599       1.831368146054607E-015  3.812644587333215E-015
  0.239480801439544      -5.132324491695143E-015  0.388550853974497     
  0.000000000000000E+000  0.000000000000000E+000  0.000000000000000E+000
  0.000000000000000E+000  0.000000000000000E+000  0.000000000000000E+000
  0.000000000000000E+000  0.000000000000000E+000  0.000000000000000E+000
  0.000000000000000E+000  0.000000000000000E+000  0.000000000000000E+000
  0.000000000000000E+000  0.000000000000000E+000  0.000000000000000E+000
  0.000000000000000E+000  0.000000000000000E+000  0.000000000000000E+000
  0.000000000000000E+000  0.000000000000000E+000  0.000000000000000E+000
  0.000000000000000E+000  0.000000000000000E+000  0.000000000000000E+000
  0.000000000000000E+000  0.000000000000000E+000  0.000000000000000E+000
  0.000000000000000E+000  0.000000000000000E+000  0.000000000000000E+000
  0.000000000000000E+000  0.000000000000000E+000  0.000000000000000E+000
  0.000000000000000E+000  0.000000000000000E+000  0.000000000000000E+000
  0.000000000000000E+000  0.000000000000000E+000  0.000000000000000E+000
  0.000000000000000E+000  0.000000000000000E+000  0.000000000000000E+000
  0.000000000000000E+000  0.000000000000000E+000  0.000000000000000E+000
  0.000000000000000E+000  0.000000000000000E+000  0.000000000000000E+000
  0.000000000000000E+000  0.000000000000000E+000  0.000000000000000E+000
  0.000000000000000E+000  0.000000000000000E+000  0.000000000000000E+000
  0.000000000000000E+000  0.000000000000000E+000  0.000000000000000E+000
  0.000000000000000E+000  0.000000000000000E+000  0.000000000000000E+000
  0.000000000000000E+000  0.000000000000000E+000  0.000000000000000E+000
  0.000000000000000E+000  0.000000000000000E+000  0.000000000000000E+000
  0.000000000000000E+000  0.000000000000000E+000  0.000000000000000E+000
  0.000000000000000E+000  0.000000000000000E+000  0.000000000000000E+000
  0.000000000000000E+000  0.000000000000000E+000  0.000000000000000E+000
  0.000000000000000E+000  0.000000000000000E+000  0.000000000000000E+000
  0.000000000000000E+000  0.000000000000000E+000  0.000000000000000E+000
  0.000000000000000E+000  0.000000000000000E+000  0.000000000000000E+000
  0.000000000000000E+000  0.000000000000000E+000  0.000000000000000E+000
  0.000000000000000E+000  0.000000000000000E+000  0.000000000000000E+000
  0.000000000000000E+000  0.000000000000000E+000  0.000000000000000E+000
  0.000000000000000E+000  0.000000000000000E+000  0.000000000000000E+000
  0.000000000000000E+000  0.000000000000000E+000  0.000000000000000E+000
  0.000000000000000E+000  0.000000000000000E+000  0.000000000000000E+000
  0.000000000000000E+000  0.000000000000000E+000  0.000000000000000E+000
  0.000000000000000E+000  0.000000000000000E+000  0.000000000000000E+000
  0.000000000000000E+000  0.000000000000000E+000  0.000000000000000E+000
  0.000000000000000E+000  0.000000000000000E+000  0.000000000000000E+000
  0.000000000000000E+000  0.000000000000000E+000  0.000000000000000E+000
  0.000000000000000E+000  0.000000000000000E+000  0.000000000000000E+000
  0.000000000000000E+000  0.000000000000000E+000  0.000000000000000E+000
  0.000000000000000E+000  0.000000000000000E+000  0.000000000000000E+000
  0.000000000000000E+000  0.000000000000000E+000  0.000000000000000E+000
  0.000000000000000E+000  0.000000000000000E+000  0.000000000000000E+000
  0.000000000000000E+000  0.000000000000000E+000  0.000000000000000E+000
  0.000000000000000E+000  0.000000000000000E+000  0.000000000000000E+000
  0.000000000000000E+000  0.000000000000000E+000  0.000000000000000E+000
  0.000000000000000E+000  0.000000000000000E+000  0.000000000000000E+000
  0.000000000000000E+000  0.000000000000000E+000  0.000000000000000E+000
  0.000000000000000E+000  0.000000000000000E+000  0.000000000000000E+000
  0.000000000000000E+000  0.000000000000000E+000  0.000000000000000E+000
  0.000000000000000E+000  0.000000000000000E+000  0.000000000000000E+000
  0.000000000000000E+000  0.000000000000000E+000  0.000000000000000E+000
  0.000000000000000E+000  0.000000000000000E+000  0.000000000000000E+000
  0.000000000000000E+000  0.000000000000000E+000  0.000000000000000E+000
  0.000000000000000E+000  0.000000000000000E+000  0.000000000000000E+000
  0.000000000000000E+000  0.000000000000000E+000  0.000000000000000E+000
  0.000000000000000E+000  0.000000000000000E+000  0.000000000000000E+000
  0.000000000000000E+000  0.000000000000000E+000  0.000000000000000E+000
  0.000000000000000E+000  0.000000000000000E+000  0.000000000000000E+000
  0.000000000000000E+000  0.000000000000000E+000  0.000000000000000E+000
  0.000000000000000E+000  0.000000000000000E+000  0.000000000000000E+000
  0.000000000000000E+000  0.000000000000000E+000  0.000000000000000E+000
  0.000000000000000E+000  0.000000000000000E+000  0.000000000000000E+000
  0.000000000000000E+000  0.000000000000000E+000  0.000000000000000E+000
  0.000000000000000E+000  0.000000000000000E+000  0.000000000000000E+000
  0.000000000000000E+000  0.000000000000000E+000  0.000000000000000E+000
  0.000000000000000E+000  0.000000000000000E+000  0.000000000000000E+000
  0.000000000000000E+000  0.000000000000000E+000  0.000000000000000E+000
  0.000000000000000E+000  0.000000000000000E+000  0.000000000000000E+000
  0.000000000000000E+000  0.000000000000000E+000  0.000000000000000E+000
  0.000000000000000E+000  0.000000000000000E+000  0.000000000000000E+000
  0.000000000000000E+000  0.000000000000000E+000  0.000000000000000E+000
  0.000000000000000E+000  0.000000000000000E+000  0.000000000000000E+000
  0.000000000000000E+000  0.000000000000000E+000  0.000000000000000E+000
  0.000000000000000E+000  0.000000000000000E+000  0.000000000000000E+000
  0.000000000000000E+000  0.000000000000000E+000  0.000000000000000E+000
  0.000000000000000E+000  0.000000000000000E+000  0.000000000000000E+000
  0.000000000000000E+000  0.000000000000000E+000  0.000000000000000E+000
  0.000000000000000E+000  0.000000000000000E+000  0.000000000000000E+000
  0.000000000000000E+000  0.000000000000000E+000  0.000000000000000E+000
  0.000000000000000E+000  0.000000000000000E+000  0.000000000000000E+000
  0.000000000000000E+000  0.000000000000000E+000  0.000000000000000E+000
  0.000000000000000E+000  0.000000000000000E+000  0.000000000000000E+000
  0.000000000000000E+000  0.000000000000000E+000  0.000000000000000E+000
  0.000000000000000E+000  0.000000000000000E+000  0.000000000000000E+000
  0.000000000000000E+000  0.000000000000000E+000  0.000000000000000E+000
  0.000000000000000E+000  0.000000000000000E+000  0.000000000000000E+000
  0.000000000000000E+000  0.000000000000000E+000  0.000000000000000E+000
  0.000000000000000E+000  0.000000000000000E+000  0.000000000000000E+000
  0.000000000000000E+000  0.000000000000000E+000  0.000000000000000E+000
  0.000000000000000E+000  0.000000000000000E+000  0.000000000000000E+000
  0.000000000000000E+000  0.000000000000000E+000  0.000000000000000E+000
  0.000000000000000E+000  0.000000000000000E+000  0.000000000000000E+000
  0.000000000000000E+000  0.000000000000000E+000  0.000000000000000E+000
  0.000000000000000E+000  0.000000000000000E+000  0.000000000000000E+000
  0.000000000000000E+000  0.000000000000000E+000  0.000000000000000E+000
  0.000000000000000E+000  0.000000000000000E+000  0.000000000000000E+000
  0.000000000000000E+000  0.000000000000000E+000  0.000000000000000E+000
  0.000000000000000E+000  0.000000000000000E+000  0.000000000000000E+000
  0.000000000000000E+000  0.000000000000000E+000  0.000000000000000E+000
  0.000000000000000E+000  0.000000000000000E+000  0.000000000000000E+000
  0.000000000000000E+000  0.000000000000000E+000  0.000000000000000E+000
  0.000000000000000E+000  0.000000000000000E+000  0.000000000000000E+000
  0.000000000000000E+000  0.000000000000000E+000  0.000000000000000E+000
  0.000000000000000E+000  0.000000000000000E+000  0.000000000000000E+000
  0.000000000000000E+000  0.000000000000000E+000  0.000000000000000E+000
  0.000000000000000E+000  0.000000000000000E+000  0.000000000000000E+000
  0.000000000000000E+000  0.000000000000000E+000  0.000000000000000E+000
  0.000000000000000E+000  0.000000000000000E+000  0.000000000000000E+000
  0.000000000000000E+000  0.000000000000000E+000  0.000000000000000E+000
  0.000000000000000E+000  0.000000000000000E+000  0.000000000000000E+000
  0.000000000000000E+000  0.000000000000000E+000  0.000000000000000E+000
  0.000000000000000E+000  0.000000000000000E+000  0.000000000000000E+000
