   2.00077770641169       8.305727417495569E-002 -2.135185509178449E-004
  1.197663963159107E-020  1.810532924756067E-020  3.612731656877852E-004
 -2.051476923226556E-020 -2.954027403549372E-020  8.783626757296990E-005
  7.589415207398531E-019 -1.814344573018711E-018  6.816063881297994E-003
 -6.508843668840601E-018 -1.318510841281882E-003 -8.385626177817573E-019
  1.858390286275935E-018 -6.113592935429333E-003  5.031195312529132E-018
  0.991408406867431       4.526458706896989E-004 -6.024590705987786E-021
 -6.776263578034403E-021 -2.203859817652457E-003 -2.004256314234079E-019
  5.421010862427522E-020 -1.124085401288182E-002 -9.649399335120989E-018
 -2.461138931542095E-017 -3.238674331130814E-002 -5.973164288226611E-017
 -6.621294514619740E-002  1.585158633315379E-017  9.367506770274758E-017
  0.120346075626876      -8.103668850503547E-017   1.92570458514490     
 -3.857958891996169E-015 -1.072719989714124E-016  0.118079957654299     
 -1.063378232317388E-016 -3.053543768604578E-018 -2.506546886530329E-002
 -2.193078319138575E-018  1.089864075004777E-017 -1.094832151683550E-002
  1.121294500253647E-017  4.067039850769479E-002  6.222150929853592E-018
 -2.000092705940280E-017  1.592328500770342E-002 -1.686216471544899E-017
   1.93132351352360      -1.422093779540612E-015 -1.063432924618829E-016
  0.105492723485836      -3.556183125752455E-017  5.576864924722313E-018
 -9.368950645999832E-004  1.046255096448512E-017 -6.078308429496859E-018
 -2.024408629904777E-018 -1.655102378934903E-018 -9.866640034525735E-004
 -8.998878031629687E-018 -1.866331220156444E-018 -1.465212528362179E-019
   1.92549366434153      -3.052423424151702E-018 -3.516793583364974E-017
  0.117784279046100      -2.179835151328234E-017  2.321766798334253E-018
  2.063209416990617E-002  5.174062704841473E-017  3.223214956314041E-017
  3.255115007187010E-017 -1.743603733662183E-018 -3.476171483896161E-002
 -8.211763484224283E-017 -5.185563065722062E-017  0.188009997427863     
 -4.092316171290269E-016 -6.271011859583027E-018  6.239545695866316E-002
 -1.857181522177071E-017 -3.280172931854327E-018  5.414998979468890E-002
 -7.183315342822907E-017 -0.112903525026113      -1.302916987232623E-017
  5.119778709127333E-017 -5.441596243125225E-002  6.420699694143249E-017
  0.199598066552985      -1.682681771697503E-016 -7.746624522408929E-017
  2.894417356650512E-002 -9.280770596475918E-017  1.237074678805961E-016
  3.271040304806271E-017  1.536856579498203E-017 -3.421996005949406E-003
  3.859759734048396E-017 -1.545326908970746E-017 -3.679443339171324E-018
  0.199255235545570       9.809460944466605E-017 -2.684256545969863E-017
 -9.635852985197484E-002 -2.325473046247409E-016 -1.441050446510635E-016
 -1.078892956102657E-016  9.656367044964295E-018  0.125953870566889     
  2.828076287771771E-016  1.797544015617858E-016   1.34848651861155     
 -6.403999279321702E-015 -3.858200929921777E-015  5.018679448785324E-002
  1.371041654446764E-014  -1.02033709204858       3.149739106909507E-015
  1.408457417077760E-015 -3.596860344091082E-002 -6.386402625916372E-015
   1.59325872850493      -5.977132257541579E-015  1.144066577928323E-014
  4.172008060096180E-015  3.149858389443217E-015  -1.53075072414962     
  2.944702265689055E-015 -5.544135826567568E-015 -2.009211364384964E-015
   1.28540279566557       6.010406374986651E-015  1.463950636809449E-014
  1.407781658010754E-015  2.942487695652684E-015 -0.917871675269801     
 -2.110889435615999E-015 -6.382007132716255E-015   1.28944788683768     
 -2.176994486374921E-014 -3.495949693773018E-002 -5.544391177258995E-015
 -2.111692337894837E-015  -1.04052877623572       9.911418375280419E-015
   1.60178029186423      -6.387251838546604E-015 -2.009135045832888E-015
 -6.382047668118673E-015  9.911342579993487E-015  -1.48038609431768     
  0.236772706526988      -1.727190165749236E-015 -6.338834037978870E-016
  2.055267770804761E-002  3.370960975081348E-015  0.412134091350247     
 -1.619211479014058E-015  3.011402379335262E-015  1.087790373857304E-015
  0.205267348946471       9.240877575470185E-016  3.246519612520003E-015
  0.239476410849030      -5.135224083650956E-015  0.388557350689741     
   2.00077770641169       8.305727417495569E-002 -2.135185509178450E-004
  1.208763494967759E-020  1.736417541871316E-020  3.612731656877851E-004
 -2.153403947137398E-020 -2.879912020664621E-020  8.783626757296470E-005
 -1.201092719206598E-018 -3.923456611681919E-018 -6.816063881297990E-003
  6.910079082869559E-018 -1.318510841281877E-003  9.181837148236616E-019
  3.789837164252553E-018  6.113592935429326E-003 -6.951417641856032E-018
  0.991408406867431       4.526458706896989E-004 -2.185597622356884E-020
 -4.065758146820642E-020 -2.203859817652454E-003 -7.329588457738520E-020
  2.710505431213761E-019 -1.124085401288180E-002 -4.336808689942018E-019
 -1.994931997373328E-017  3.238674331130803E-002 -1.251678597891188E-016
 -6.621294514619749E-002 -1.910906329005702E-017  5.388484797252957E-017
 -0.120346075626877       1.549750364730898E-016   1.92570458514490     
 -3.847049687193655E-015 -1.066676880197001E-016  0.118079957654299     
 -1.175376175260928E-016 -3.546531018764780E-018 -2.506546886530328E-002
 -1.886832523578416E-017  1.311616545930846E-017  1.094832151683546E-002
 -1.037978331842856E-017  4.067039850769477E-002  3.313244572250990E-017
 -2.351226019452903E-017 -1.592328500770335E-002  1.479569290019985E-017
   1.92549366434153      -1.411658333630439E-015 -1.175376798927957E-016
  0.117784279046101      -4.618701254788249E-017 -3.646985057698116E-017
  2.063209416990621E-002 -3.359671481989457E-017  6.381885037792800E-017
  1.568938773474869E-017  6.640738306473715E-017 -3.476171483896168E-002
  6.234162491791650E-017 -1.145527357866716E-016 -2.936414815396160E-017
   1.93132351352360      -3.540685357460911E-018 -4.622413189093601E-017
  0.105492723485836       3.814343846480967E-019 -1.180692401504958E-017
 -9.368950645999831E-004  4.645764032309325E-020  7.305747648477823E-020
 -4.964324125898030E-019  2.103965451925756E-017 -9.866640034525702E-004
 -3.143963828476853E-018 -2.421844757327015E-018  0.188009997427863     
 -4.090087907312496E-016 -6.432467296589066E-018  6.239545695866314E-002
  8.563472000311427E-017 -1.063598371889263E-017 -5.414998979468885E-002
  3.384360913354758E-017 -0.112903525026113      -1.215852119184944E-016
  6.127463957240453E-017  5.441596243125209E-002 -4.298203743778979E-017
  0.199255235545570      -1.691355389077387E-016  1.866996141020039E-016
 -9.635852985197504E-002  1.799775606325937E-016 -3.136596885000564E-016
 -8.182927618088650E-017 -2.591243192240356E-016  0.125953870566889     
 -2.467644144577008E-016  4.368691010076670E-016  1.164570879069045E-016
  0.199598066552985      -9.676273409621001E-018  6.088164566856868E-017
  2.894417356650509E-002  4.155920593190375E-017  2.993888946833088E-017
  5.573252908240478E-018 -8.100125421607947E-017 -3.421996005949406E-003
 -3.747416110161804E-018 -1.861247486898816E-018   1.34848651861155     
 -5.216458178145941E-015 -4.539677511437915E-015 -5.018679448784636E-002
  1.390979762785344E-014  -1.02033709204857       1.898557427572075E-015
  1.996951532918648E-015  3.596860344090803E-002 -6.453305611211043E-015
   1.28540279566557      -4.846912315826905E-015  9.400659882941813E-015
  3.667182230366142E-015  1.898392780562743E-015 -0.917871675269804     
  1.754971461526447E-015 -3.423992750196299E-015 -1.463251003909957E-015
   1.59325872850492       7.491352385191004E-015  1.565329261268959E-014
  1.996873799826239E-015  1.752453869741663E-015  -1.53075072414961     
 -3.496470291563424E-015 -7.255741582765934E-015   1.28944788683768     
 -2.182457985399270E-014  3.495949693772742E-002 -3.424054950558383E-015
 -3.496393712443468E-015  -1.04052877623572       9.916199866500605E-015
   1.60178029186423      -6.452303968895734E-015 -1.463293462095061E-015
 -7.255264097838499E-015  9.915896229117926E-015  -1.48038609431768     
  0.236772706526988      -8.637893531743633E-016 -1.010611228149946E-015
 -2.055267770804630E-002  3.393653911857412E-015  0.205267348946472     
 -7.922287912990876E-016  1.555072820486556E-015  7.083357923962552E-016
  0.412134091350246       1.831451879777282E-015  3.812707249194907E-015
  0.239476410849030      -5.131900078869131E-015  0.388557350689741     
  0.000000000000000E+000  0.000000000000000E+000  0.000000000000000E+000
  0.000000000000000E+000  0.000000000000000E+000  0.000000000000000E+000
  0.000000000000000E+000  0.000000000000000E+000  0.000000000000000E+000
  0.000000000000000E+000  0.000000000000000E+000  0.000000000000000E+000
  0.000000000000000E+000  0.000000000000000E+000  0.000000000000000E+000
  0.000000000000000E+000  0.000000000000000E+000  0.000000000000000E+000
  0.000000000000000E+000  0.000000000000000E+000  0.000000000000000E+000
  0.000000000000000E+000  0.000000000000000E+000  0.000000000000000E+000
  0.000000000000000E+000  0.000000000000000E+000  0.000000000000000E+000
  0.000000000000000E+000  0.000000000000000E+000  0.000000000000000E+000
  0.000000000000000E+000  0.000000000000000E+000  0.000000000000000E+000
  0.000000000000000E+000  0.000000000000000E+000  0.000000000000000E+000
  0.000000000000000E+000  0.000000000000000E+000  0.000000000000000E+000
  0.000000000000000E+000  0.000000000000000E+000  0.000000000000000E+000
  0.000000000000000E+000  0.000000000000000E+000  0.000000000000000E+000
  0.000000000000000E+000  0.000000000000000E+000  0.000000000000000E+000
  0.000000000000000E+000  0.000000000000000E+000  0.000000000000000E+000
  0.000000000000000E+000  0.000000000000000E+000  0.000000000000000E+000
  0.000000000000000E+000  0.000000000000000E+000  0.000000000000000E+000
  0.000000000000000E+000  0.000000000000000E+000  0.000000000000000E+000
  0.000000000000000E+000  0.000000000000000E+000  0.000000000000000E+000
  0.000000000000000E+000  0.000000000000000E+000  0.000000000000000E+000
  0.000000000000000E+000  0.000000000000000E+000  0.000000000000000E+000
  0.000000000000000E+000  0.000000000000000E+000  0.000000000000000E+000
  0.000000000000000E+000  0.000000000000000E+000  0.000000000000000E+000
  0.000000000000000E+000  0.000000000000000E+000  0.000000000000000E+000
  0.000000000000000E+000  0.000000000000000E+000  0.000000000000000E+000
  0.000000000000000E+000  0.000000000000000E+000  0.000000000000000E+000
  0.000000000000000E+000  0.000000000000000E+000  0.000000000000000E+000
  0.000000000000000E+000  0.000000000000000E+000  0.000000000000000E+000
  0.000000000000000E+000  0.000000000000000E+000  0.000000000000000E+000
  0.000000000000000E+000  0.000000000000000E+000  0.000000000000000E+000
  0.000000000000000E+000  0.000000000000000E+000  0.000000000000000E+000
  0.000000000000000E+000  0.000000000000000E+000  0.000000000000000E+000
  0.000000000000000E+000  0.000000000000000E+000  0.000000000000000E+000
  0.000000000000000E+000  0.000000000000000E+000  0.000000000000000E+000
  0.000000000000000E+000  0.000000000000000E+000  0.000000000000000E+000
  0.000000000000000E+000  0.000000000000000E+000  0.000000000000000E+000
  0.000000000000000E+000  0.000000000000000E+000  0.000000000000000E+000
  0.000000000000000E+000  0.000000000000000E+000  0.000000000000000E+000
  0.000000000000000E+000  0.000000000000000E+000  0.000000000000000E+000
  0.000000000000000E+000  0.000000000000000E+000  0.000000000000000E+000
  0.000000000000000E+000  0.000000000000000E+000  0.000000000000000E+000
  0.000000000000000E+000  0.000000000000000E+000  0.000000000000000E+000
  0.000000000000000E+000  0.000000000000000E+000  0.000000000000000E+000
  0.000000000000000E+000  0.000000000000000E+000  0.000000000000000E+000
  0.000000000000000E+000  0.000000000000000E+000  0.000000000000000E+000
  0.000000000000000E+000  0.000000000000000E+000  0.000000000000000E+000
  0.000000000000000E+000  0.000000000000000E+000  0.000000000000000E+000
  0.000000000000000E+000  0.000000000000000E+000  0.000000000000000E+000
  0.000000000000000E+000  0.000000000000000E+000  0.000000000000000E+000
  0.000000000000000E+000  0.000000000000000E+000  0.000000000000000E+000
  0.000000000000000E+000  0.000000000000000E+000  0.000000000000000E+000
  0.000000000000000E+000  0.000000000000000E+000  0.000000000000000E+000
  0.000000000000000E+000  0.000000000000000E+000  0.000000000000000E+000
  0.000000000000000E+000  0.000000000000000E+000  0.000000000000000E+000
  0.000000000000000E+000  0.000000000000000E+000  0.000000000000000E+000
  0.000000000000000E+000  0.000000000000000E+000  0.000000000000000E+000
  0.000000000000000E+000  0.000000000000000E+000  0.000000000000000E+000
  0.000000000000000E+000  0.000000000000000E+000  0.000000000000000E+000
  0.000000000000000E+000  0.000000000000000E+000  0.000000000000000E+000
  0.000000000000000E+000  0.000000000000000E+000  0.000000000000000E+000
  0.000000000000000E+000  0.000000000000000E+000  0.000000000000000E+000
  0.000000000000000E+000  0.000000000000000E+000  0.000000000000000E+000
  0.000000000000000E+000  0.000000000000000E+000  0.000000000000000E+000
  0.000000000000000E+000  0.000000000000000E+000  0.000000000000000E+000
  0.000000000000000E+000  0.000000000000000E+000  0.000000000000000E+000
  0.000000000000000E+000  0.000000000000000E+000  0.000000000000000E+000
  0.000000000000000E+000  0.000000000000000E+000  0.000000000000000E+000
  0.000000000000000E+000  0.000000000000000E+000  0.000000000000000E+000
  0.000000000000000E+000  0.000000000000000E+000  0.000000000000000E+000
  0.000000000000000E+000  0.000000000000000E+000  0.000000000000000E+000
  0.000000000000000E+000  0.000000000000000E+000  0.000000000000000E+000
  0.000000000000000E+000  0.000000000000000E+000  0.000000000000000E+000
  0.000000000000000E+000  0.000000000000000E+000  0.000000000000000E+000
  0.000000000000000E+000  0.000000000000000E+000  0.000000000000000E+000
  0.000000000000000E+000  0.000000000000000E+000  0.000000000000000E+000
  0.000000000000000E+000  0.000000000000000E+000  0.000000000000000E+000
  0.000000000000000E+000  0.000000000000000E+000  0.000000000000000E+000
  0.000000000000000E+000  0.000000000000000E+000  0.000000000000000E+000
  0.000000000000000E+000  0.000000000000000E+000  0.000000000000000E+000
  0.000000000000000E+000  0.000000000000000E+000  0.000000000000000E+000
  0.000000000000000E+000  0.000000000000000E+000  0.000000000000000E+000
  0.000000000000000E+000  0.000000000000000E+000  0.000000000000000E+000
  0.000000000000000E+000  0.000000000000000E+000  0.000000000000000E+000
  0.000000000000000E+000  0.000000000000000E+000  0.000000000000000E+000
  0.000000000000000E+000  0.000000000000000E+000  0.000000000000000E+000
  0.000000000000000E+000  0.000000000000000E+000  0.000000000000000E+000
  0.000000000000000E+000  0.000000000000000E+000  0.000000000000000E+000
  0.000000000000000E+000  0.000000000000000E+000  0.000000000000000E+000
  0.000000000000000E+000  0.000000000000000E+000  0.000000000000000E+000
  0.000000000000000E+000  0.000000000000000E+000  0.000000000000000E+000
  0.000000000000000E+000  0.000000000000000E+000  0.000000000000000E+000
  0.000000000000000E+000  0.000000000000000E+000  0.000000000000000E+000
  0.000000000000000E+000  0.000000000000000E+000  0.000000000000000E+000
  0.000000000000000E+000  0.000000000000000E+000  0.000000000000000E+000
  0.000000000000000E+000  0.000000000000000E+000  0.000000000000000E+000
  0.000000000000000E+000  0.000000000000000E+000  0.000000000000000E+000
  0.000000000000000E+000  0.000000000000000E+000  0.000000000000000E+000
  0.000000000000000E+000  0.000000000000000E+000  0.000000000000000E+000
  0.000000000000000E+000  0.000000000000000E+000  0.000000000000000E+000
  0.000000000000000E+000  0.000000000000000E+000  0.000000000000000E+000
  0.000000000000000E+000  0.000000000000000E+000  0.000000000000000E+000
  0.000000000000000E+000  0.000000000000000E+000  0.000000000000000E+000
  0.000000000000000E+000  0.000000000000000E+000  0.000000000000000E+000
  0.000000000000000E+000  0.000000000000000E+000  0.000000000000000E+000
  0.000000000000000E+000  0.000000000000000E+000  0.000000000000000E+000
  0.000000000000000E+000  0.000000000000000E+000  0.000000000000000E+000
  0.000000000000000E+000  0.000000000000000E+000  0.000000000000000E+000
  0.000000000000000E+000  0.000000000000000E+000  0.000000000000000E+000
  0.000000000000000E+000  0.000000000000000E+000  0.000000000000000E+000
  0.000000000000000E+000  0.000000000000000E+000  0.000000000000000E+000
  0.000000000000000E+000  0.000000000000000E+000  0.000000000000000E+000
  0.000000000000000E+000  0.000000000000000E+000  0.000000000000000E+000
